3 0.587832973362131 0.3738019169329073 0.09575233981281497 0.10543130990415335
3 0.8423326133909287 0.371405750798722 0.15982721382289417 0.05910543130990415
3 0.32937365010799136 0.37939297124600635 0.156227501799856 0.05591054313099041
0 0.06623470122390208 0.22364217252396165 0.04175665946724262 0.23322683706070285
0 0.1695464362850972 0.21884984025559104 0.051115910727141826 0.23003194888178913
0 0.2778977681785457 0.22523961661341851 0.05039596832253419 0.23322683706070285
0 0.37760979121670263 0.22364217252396165 0.04967602591792657 0.23003194888178913
0 0.4827213822894168 0.22364217252396165 0.045356371490280774 0.22364217252396165
0 0.5831533477321814 0.2204472843450479 0.05039596832253419 0.21405750798722045
0 0.6900647948164147 0.2220447284345048 0.0482361411087113 0.24281150159744408
0 0.7919366450683945 0.2268370607028754 0.04175665946724262 0.23322683706070285
0 0.8970482361411086 0.2244408945686901 0.04175665946724262 0.21246006389776356
0 0.896328293736501 0.7180511182108625 0.06335493160547156 0.2507987220447284
0 0.7912167026637869 0.7228434504792332 0.06479481641468682 0.25399361022364214
0 0.689344852411807 0.7260383386581469 0.061195104391648665 0.2476038338658147
0 0.4820014398848092 0.7260383386581469 0.05831533477321814 0.26038338658146964
0 0.3786897048236141 0.7324281150159744 0.06335493160547156 0.26038338658146964
0 0.2800575953923686 0.7276357827476038 0.0619150467962563 0.2476038338658147
0 0.17566594672426206 0.7276357827476038 0.0691144708423326 0.2507987220447284
5 0.07235421166306695 0.7284345047923322 0.059755219582433405 0.2779552715654952
5 0.5827933765298776 0.7348242811501597 0.05399568034557235 0.2523961661341853
