3 0.08549019607843136 0.49670619235836627 0.11764705882352941 0.039525691699604744
1 0.8870588235294117 0.21343873517786563 0.08156862745098038 0.3715415019762846
4 0.24862745098039216 0.6884057971014493 0.04549019607843137 0.1541501976284585
0 0.12470588235294117 0.43610013175230566 0.03137254901960784 0.08695652173913043
0 0.17411764705882352 0.6910408432147563 0.05333333333333333 0.15942028985507248
0 0.24901960784313726 0.689064558629776 0.050980392156862744 0.15283267457180502
0 0.06156862745098039 0.419631093544137 0.03215686274509804 0.1225296442687747
0 0.09803921568627451 0.696969696969697 0.05647058823529411 0.15810276679841898
0 0.42823529411764705 0.69433465085639 0.05333333333333333 0.1712779973649539
0 0.5180392156862745 0.6910408432147563 0.05725490196078431 0.18050065876152832
0 0.7258823529411764 0.6884057971014493 0.05411764705882353 0.19104084321475626
0 0.4337254901960784 0.39064558629776025 0.0392156862745098 0.09881422924901186
0 0.34431372549019607 0.41106719367588934 0.034509803921568626 0.09486166007905139
0 0.26352941176470585 0.4183135704874835 0.03607843137254902 0.09090909090909091
0 0.19333333333333333 0.4295125164690382 0.030588235294117645 0.08695652173913043
0 0.14549019607843136 0.22002635046113309 0.029019607843137254 0.08695652173913043
0 0.08274509803921569 0.22990777338603427 0.029019607843137254 0.08827404479578393
0 0.02196078431372549 0.24242424242424243 0.025098039215686273 0.07905138339920949
0 0.5211764705882352 0.36627140974967065 0.04 0.08432147562582346
0 0.5196078431372548 0.1422924901185771 0.03215686274509804 0.08695652173913043
0 0.4368627450980392 0.1673254281949934 0.02980392156862745 0.07378129117259552
0 0.34941176470588237 0.19235836627140976 0.029019607843137254 0.06851119894598155
0 0.2784313725490196 0.2088274044795784 0.02980392156862745 0.06455862977602109
0 0.20862745098039215 0.2220026350461133 0.023529411764705882 0.0619235836627141
0 0.6039215686274509 0.1324110671936759 0.0392156862745098 0.08563899868247694
0 0.6937254901960784 0.11133069828722003 0.04784313725490196 0.08827404479578393
0 0.6074509803921568 0.35046113306982873 0.04784313725490196 0.07114624505928854
0 0.7058823529411764 0.347167325428195 0.047058823529411764 0.08300395256916997
