3 0.1891304347826087 0.6520700636942676 0.1463768115942029 0.0589171974522293
3 0.8449275362318841 0.5748407643312102 0.23768115942028986 0.07006369426751592
0 0.19202898550724637 0.1910828025477707 0.07681159420289856 0.178343949044586
0 0.5094202898550725 0.19506369426751594 0.07971014492753624 0.1799363057324841
0 0.822463768115942 0.20222929936305734 0.07391304347826087 0.17197452229299365
0 0.19202898550724637 0.46337579617834396 0.08550724637681159 0.10509554140127389
0 0.5101449275362319 0.48089171974522293 0.07246376811594203 0.11464968152866242
0 0.8427536231884059 0.47611464968152867 0.08550724637681159 0.11464968152866242
5 0.5289855072463768 0.7929936305732485 0.10144927536231885 0.2515923566878981
5 0.19927536231884058 0.8057324840764332 0.11739130434782609 0.22611464968152867
5 0.8840579710144928 0.7882165605095541 0.15072463768115943 0.2356687898089172
