3 0.46222014925373134 0.3387596899224806 0.3908582089552239 0.05426356589147287
3 0.5317164179104478 0.6403100775193798 0.23507462686567163 0.08992248062015504
3 0.7691231343283582 0.637984496124031 0.1669776119402985 0.08527131782945736
3 0.9048507462686567 0.6170542635658914 0.0708955223880597 0.037209302325581395
3 0.1875 0.6503875968992248 0.10261194029850747 0.03565891472868217
3 0.3013059701492537 0.6651162790697674 0.07649253731343283 0.027906976744186046
0 0.2971082089552239 0.18914728682170542 0.041977611940298504 0.10852713178294573
0 0.40531716417910446 0.19069767441860463 0.041977611940298504 0.09922480620155039
0 0.5107276119402985 0.15968992248062014 0.049440298507462684 0.16124031007751938
0 0.6138059701492538 0.16744186046511628 0.041044776119402986 0.15503875968992248
0 0.7257462686567164 0.16124031007751938 0.046641791044776115 0.15813953488372093
0 0.8857276119402985 0.4992248062015504 0.036380597014925374 0.16434108527131783
0 0.7332089552238806 0.49767441860465117 0.048507462686567165 0.17054263565891473
2 0.9029850746268656 0.7868217054263565 0.15671641791044777 0.22170542635658913
0 0.416044776119403 0.7868217054263565 0.0708955223880597 0.1813953488372093
0 0.5289179104477612 0.7821705426356589 0.0708955223880597 0.17519379844961241
0 0.6259328358208955 0.4992248062015504 0.05783582089552239 0.17364341085271318
0 0.18610074626865672 0.7682170542635659 0.08675373134328358 0.19689922480620153
0 0.6310634328358209 0.786046511627907 0.07369402985074627 0.17674418604651163
0 0.07975746268656717 0.5434108527131782 0.04757462686567164 0.07906976744186046
0 0.1837686567164179 0.5465116279069767 0.054104477611940295 0.08527131782945736
0 0.2989738805970149 0.5441860465116279 0.0625 0.08372093023255814
0 0.40718283582089554 0.5441860465116279 0.06436567164179105 0.08062015503875969
0 0.5186567164179104 0.5457364341085271 0.061567164179104475 0.09612403100775194
0 0.8680037313432836 0.13798449612403102 0.0830223880597015 0.10852713178294573
