3 0.24953874538745388 0.5185185185185185 0.16328413284132842 0.10582010582010581
3 0.08071955719557196 0.5114638447971781 0.10793357933579335 0.07407407407407407
3 0.40175276752767525 0.517636684303351 0.10793357933579335 0.07231040564373897
3 0.1088560885608856 0.09611992945326278 0.08671586715867158 0.0582010582010582
3 0.2615313653136531 0.09082892416225749 0.19833948339483395 0.07936507936507936
3 0.41697416974169743 0.10934744268077601 0.06642066420664207 0.05291005291005291
3 0.8081180811808117 0.5141093474426808 0.26752767527675275 0.08994708994708994
3 0.5641143911439114 0.5828924162257495 0.11715867158671586 0.0582010582010582
1 0.3187269372693727 0.5705467372134039 0.04335793357933579 0.13580246913580246
1 0.13191881918819187 0.5767195767195767 0.06457564575645756 0.13051146384479717
0 0.10470479704797048 0.3112874779541446 0.0470479704797048 0.18165784832451498
0 0.2047970479704797 0.31216931216931215 0.02214022140221402 0.1728395061728395
0 0.2698339483394834 0.31481481481481477 0.0525830258302583 0.1781305114638448
0 0.33210332103321033 0.31922398589065254 0.02029520295202952 0.1763668430335097
0 0.4252767527675277 0.32186948853615516 0.04428044280442804 0.1746031746031746
0 0.5267527675276753 0.328042328042328 0.046125461254612546 0.18694885361552027
0 0.6236162361623616 0.3368606701940035 0.046125461254612546 0.19047619047619047
0 0.7172509225092251 0.32892416225749554 0.045202952029520294 0.18165784832451498
0 0.8099630996309963 0.3315696649029982 0.046125461254612546 0.1763668430335097
0 0.8980627306273062 0.3368606701940035 0.045202952029520294 0.1763668430335097
0 0.8971402214022139 0.054673721340388004 0.03966789667896679 0.10934744268077601
0 0.808579335793358 0.04673721340388007 0.04335793357933579 0.09347442680776014
0 0.7177121771217712 0.04497354497354497 0.03690036900369004 0.08994708994708994
0 0.43404059040590404 0.03880070546737213 0.04151291512915129 0.07760141093474426
0 0.27998154981549817 0.03527336860670194 0.0544280442804428 0.07054673721340388
0 0.012915129151291513 0.29894179894179895 0.025830258302583026 0.15696649029982362
5 0.41051660516605165 0.7292768959435626 0.05904059040590406 0.20987654320987653
2 0.2541512915129151 0.7151675485008818 0.1559040590405904 0.291005291005291
5 0.08487084870848709 0.7266313932980599 0.07195571955719557 0.24338624338624337
0 0.5618081180811808 0.7072310405643738 0.11623616236162361 0.15873015873015872
