0 0.17304687500000002 0.27361111111111114 0.06484375 0.21666666666666667
0 0.31796875 0.28055555555555556 0.060937500000000006 0.21944444444444444
0 0.02734375 0.26875 0.0546875 0.2152777777777778
0 0.47968750000000004 0.2701388888888889 0.05 0.21805555555555556
0 0.567578125 0.26875 0.055468750000000004 0.2152777777777778
0 0.73359375 0.2763888888888889 0.065625 0.2111111111111111
0 0.8718750000000001 0.275 0.0703125 0.21666666666666667
0 0.739453125 0.6756944444444445 0.07421875 0.20972222222222223
3 0.792578125 0.5423611111111112 0.14921875 0.05694444444444444
3 0.919140625 0.5270833333333333 0.09609375 0.02361111111111111
3 0.314453125 0.5395833333333333 0.06171875 0.034722222222222224
1 0.115625 0.5319444444444444 0.026562500000000003 0.07777777777777778
1 0.649609375 0.47847222222222224 0.02890625 0.23194444444444445
1 0.40351562500000004 0.5513888888888889 0.032031250000000004 0.08333333333333334
2 0.5242187500000001 0.7180555555555556 0.1859375 0.39722222222222225
5 0.31328125 0.7798611111111111 0.0703125 0.28750000000000003
0 0.16562500000000002 0.6791666666666667 0.06875 0.20555555555555557
0 0.890234375 0.68125 0.04609375 0.20416666666666666
