3 0.07468123861566485 0.4017094017094017 0.14571948998178508 0.06267806267806268
3 0.18852459016393444 0.3881766381766382 0.06253794778384943 0.08404558404558404
3 0.07710989678202794 0.655982905982906 0.15421979356405588 0.029914529914529916
3 0.18427443837279903 0.6545584045584046 0.06253794778384943 0.04700854700854701
3 0.38251366120218583 0.5113960113960114 0.08621736490588951 0.10826210826210826
3 0.6026108075288403 0.3611111111111111 0.2689738919247116 0.06695156695156695
3 0.5467516697024895 0.6695156695156695 0.16089860352155436 0.08547008547008547
3 0.6921675774134791 0.6574074074074074 0.09107468123861567 0.05555555555555556
3 0.8436551305403764 0.6481481481481481 0.16697024893746207 0.06552706552706553
3 0.534608378870674 0.7870370370370371 0.02125075895567699 0.15527065527065528
1 0.307832422586521 0.4793447293447294 0.02185792349726776 0.07264957264957266
1 0.9605343047966 0.47720797720797725 0.058287795992714025 0.2706552706552707
0 0.03673345476624165 0.16524216524216526 0.03460837887067395 0.2136752136752137
0 0.11171827565270188 0.15313390313390315 0.0400728597449909 0.20085470085470086
0 0.19095324833029753 0.1452991452991453 0.0358227079538555 0.20512820512820515
0 0.2729204614450516 0.1339031339031339 0.04432301153612629 0.20512820512820515
0 0.3806921675774135 0.14886039886039887 0.04735883424408015 0.2834757834757835
0 0.4951426836672739 0.11253561253561255 0.04189435336976321 0.2250712250712251
0 0.5904675166970249 0.10897435897435898 0.043108682452944753 0.21794871794871795
0 0.6836672738312083 0.10113960113960115 0.044930176077717064 0.2022792022792023
0 0.7820279295689132 0.09686609686609687 0.044930176077717064 0.19373219373219375
0 0.8879781420765028 0.09615384615384616 0.043108682452944753 0.19230769230769232
0 0.9851244687310262 0.09116809116809117 0.027322404371584702 0.18233618233618235
0 0.03430479659987857 0.5377492877492878 0.03217972070431087 0.17236467236467237
0 0.11020036429872496 0.5455840455840456 0.03825136612021858 0.1851851851851852
0 0.1894353369763206 0.5292022792022792 0.04250151791135398 0.20085470085470086
0 0.27413479052823314 0.5370370370370371 0.04432301153612629 0.2136752136752137
5 0.38949605343047966 0.6844729344729346 0.09532483302975107 0.2435897435897436
0 0.4981785063752277 0.5206552706552707 0.05160898603521555 0.20655270655270655
0 0.592896174863388 0.5213675213675214 0.0588949605343048 0.2136752136752137
5 0.5953248330297511 0.7891737891737892 0.05525197328476018 0.2022792022792023
0 0.6882210078931391 0.5178062678062678 0.056466302367941715 0.22364672364672367
0 0.790528233151184 0.5056980056980057 0.06678809957498483 0.21652421652421652
0 0.8943533697632059 0.5035612535612536 0.06557377049180328 0.21509971509971512
5 0.802367941712204 0.784900284900285 0.07468123861566485 0.21937321937321938
0 0.9013357619914998 0.792022792022792 0.04553734061930784 0.1794871794871795
