3 0.2025974025974026 0.5192953020134228 0.21558441558441557 0.04530201342281879
3 0.38961038961038963 0.5218120805369127 0.12727272727272726 0.050335570469798654
3 0.5694805194805195 0.5310402684563759 0.1987012987012987 0.03523489932885906
3 0.837012987012987 0.5436241610738255 0.14675324675324675 0.05704697986577181
3 0.8363636363636363 0.6208053691275167 0.11428571428571428 0.026845637583892617
0 0.19805194805194806 0.10486577181208054 0.05584415584415584 0.11912751677852348
0 0.35454545454545455 0.11241610738255034 0.06493506493506493 0.1342281879194631
0 0.5012987012987012 0.13171140939597314 0.06753246753246753 0.12248322147651007
0 0.6422077922077922 0.1401006711409396 0.06623376623376623 0.13590604026845637
0 0.775974025974026 0.14848993288590603 0.07142857142857142 0.13926174496644295
0 0.8876623376623377 0.15268456375838926 0.07142857142857142 0.13758389261744966
0 0.8909090909090909 0.37080536912751677 0.06753246753246753 0.1610738255033557
0 0.7746753246753246 0.3699664429530201 0.06623376623376623 0.16275167785234898
0 0.6350649350649351 0.3598993288590604 0.07532467532467532 0.16946308724832215
0 0.4967532467532468 0.3565436241610738 0.07142857142857142 0.18288590604026844
0 0.33506493506493507 0.34563758389261745 0.07012987012987013 0.17114093959731544
0 0.17987012987012987 0.3422818791946309 0.06623376623376623 0.18120805369127516
0 0.8266233766233766 0.7575503355704698 0.16233766233766234 0.21308724832214765
0 0.5357142857142857 0.75251677852349 0.16233766233766234 0.21308724832214765
0 0.22272727272727272 0.7483221476510067 0.17532467532467533 0.22147651006711408
