1 0.02794759825327511 0.3094017094017094 0.05589519650655022 0.2905982905982906
3 0.5283842794759825 0.5273504273504274 0.8768558951965065 0.07692307692307693
0 0.11746724890829695 0.31965811965811963 0.04104803493449782 0.2188034188034188
0 0.24148471615720524 0.33076923076923076 0.048034934497816595 0.21367521367521367
0 0.36550218340611357 0.34273504273504274 0.0462882096069869 0.19658119658119658
0 0.4794759825327511 0.34273504273504274 0.05414847161572053 0.2
0 0.5934497816593887 0.34615384615384615 0.048034934497816595 0.21367521367521367
0 0.7034934497816594 0.3504273504273504 0.048034934497816595 0.21196581196581196
0 0.8148471615720524 0.3606837606837607 0.04192139737991266 0.20170940170940171
0 0.9218340611353713 0.36324786324786323 0.04978165938864629 0.2
5 0.16681222707423582 0.805982905982906 0.052401746724890834 0.2376068376068376
0 0.10829694323144105 0.8034188034188035 0.05589519650655022 0.23931623931623933
0 0.225764192139738 0.7905982905982906 0.05502183406113537 0.24444444444444444
0 0.4165938864628821 0.7427350427350428 0.16244541484716157 0.3230769230769231
0 0.6537117903930131 0.7418803418803419 0.15982532751091705 0.30085470085470084
0 0.8799126637554585 0.7444444444444445 0.15982532751091705 0.305982905982906
