1 0.2513586956521739 0.48132780082987553 0.08695652173913043 0.13278008298755187
3 0.11888586956521739 0.5300829875518672 0.2078804347826087 0.05186721991701245
0 0.13519021739130435 0.28319502074688796 0.19157608695652173 0.27593360995850624
0 0.4578804347826087 0.2966804979253112 0.10326086956521739 0.27800829875518673
0 0.673233695652174 0.29564315352697096 0.09918478260869565 0.2800829875518672
0 0.889266304347826 0.31016597510373445 0.08831521739130435 0.3008298755186722
0 0.453125 0.7313278008298755 0.12364130434782608 0.21369294605809128
0 0.6773097826086957 0.7344398340248963 0.1453804347826087 0.22821576763485477
5 0.8790760869565217 0.754149377593361 0.11956521739130435 0.2551867219917012
0 0.10122282608695651 0.6950207468879668 0.13179347826086957 0.21161825726141079
