3 0.11383601756954612 0.5770328102710414 0.1676427525622255 0.08131241084165478
3 0.3579795021961933 0.5884450784593438 0.191800878477306 0.07275320970042796
3 0.7481698389458272 0.5920114122681883 0.21522693997071743 0.05420827389443652
1 0.9465592972181552 0.37446504992867335 0.06734992679355783 0.29529243937232524
0 0.07027818448023426 0.4407988587731812 0.04978038067349927 0.16262482168330955
0 0.0636896046852123 0.7667617689015692 0.05124450951683748 0.181169757489301
0 0.27196193265007323 0.7646219686162625 0.05490483162518302 0.1825962910128388
0 0.35651537335285505 0.7696148359486448 0.055636896046852125 0.181169757489301
0 0.438506588579795 0.7075606276747504 0.04978038067349927 0.05420827389443652
0 0.5223279648609078 0.7717546362339516 0.050512445095168376 0.18544935805991442
0 0.6910688140556369 0.8081312410841655 0.048316251830161056 0.09843081312410842
0 0.8543191800878478 0.7717546362339516 0.04538799414348463 0.16262482168330955
0 0.8426061493411421 0.4529243937232525 0.0424597364568082 0.16405135520684735
0 0.7606149341142021 0.4557774607703281 0.0424597364568082 0.17261055634807418
0 0.6793557833089312 0.4507845934379458 0.04538799414348463 0.17403708987161198
0 0.5995607613469985 0.4500713266761769 0.04538799414348463 0.1754636233951498
0 0.43997071742313326 0.4486447931526391 0.04685212298682284 0.1783166904422254
0 0.36054172767203513 0.4465049928673324 0.04465592972181552 0.17403708987161198
0 0.27891654465592974 0.44436519258202567 0.048316251830161056 0.1754636233951498
0 0.17349926793557835 0.43509272467903 0.0424597364568082 0.1797432239657632
0 0.07759882869692533 0.10199714693295293 0.03953147877013177 0.16690442225392296
0 0.174597364568082 0.09486447931526391 0.04904831625183016 0.16119828815977175
0 0.2774524158125915 0.11055634807417974 0.03953147877013177 0.16405135520684735
0 0.3609077598828697 0.10912981455064194 0.043923865300146414 0.15549215406562056
0 0.43997071742313326 0.11269614835948645 0.043923865300146414 0.16262482168330955
0 0.5201317715959004 0.11911554921540657 0.034407027818448024 0.15263908701854495
0 0.6002928257686677 0.11626248216833096 0.0424597364568082 0.17261055634807418
0 0.6804538799414349 0.11768901569186876 0.046120058565153735 0.16119828815977175
0 0.7624450951683749 0.12410841654778888 0.04026354319180088 0.16262482168330955
0 0.8371156661786238 0.12553495007132667 0.04172767203513909 0.16262482168330955
0 0.9608345534407028 0.11697574893009986 0.04465592972181552 0.15406562054208275
5 0.7715959004392386 0.8252496433666191 0.06588579795021962 0.19543509272467904
5 0.4425329428989751 0.8281027104136948 0.057833089311859445 0.18687589158345222
