3 0.777292576419214 0.5267441860465116 0.33013100436681225 0.04186046511627907
3 0.7135371179039302 0.1494186046511628 0.5170305676855895 0.05930232558139535
3 0.2689956331877729 0.5104651162790698 0.2550218340611354 0.05581395348837209
1 0.03406113537117904 0.3203488372093023 0.050655021834061134 0.20813953488372092
0 0.11528384279475982 0.3127906976744186 0.07336244541484717 0.15813953488372093
0 0.2794759825327511 0.32325581395348835 0.061135371179039305 0.16279069767441862
0 0.43580786026200874 0.3209302325581395 0.05589519650655022 0.16046511627906976
0 0.5925764192139739 0.3168604651162791 0.05502183406113537 0.16395348837209303
0 0.7519650655021834 0.32383720930232557 0.07685589519650655 0.15930232558139534
0 0.9021834061135371 0.325 0.07510917030567686 0.16162790697674417
0 0.7873362445414848 0.6744186046511628 0.10043668122270742 0.22790697674418603
5 0.6344978165938865 0.7430232558139535 0.13537117903930132 0.22325581395348837
0 0.5751091703056769 0.05465116279069768 0.056768558951965066 0.10930232558139535
0 0.7240174672489084 0.05406976744186046 0.061135371179039305 0.10813953488372093
0 0.4340611353711791 0.04825581395348837 0.05764192139737991 0.09651162790697675
0 0.137117903930131 0.045930232558139536 0.05764192139737991 0.08953488372093023
0 0.8698689956331878 0.07790697674418605 0.05589519650655022 0.06976744186046512
0 0.9528384279475983 0.677906976744186 0.0925764192139738 0.2441860465116279
