3 0.4863721804511278 0.6189258312020461 0.49530075187969924 0.04859335038363172
5 0.07518796992481203 0.8158567774936062 0.12030075187969924 0.3120204603580563
0 0.11654135338345864 0.4539641943734016 0.07330827067669173 0.2071611253196931
0 0.2420112781954887 0.7730179028132993 0.08740601503759399 0.2058823529411765
0 0.4046052631578947 0.7730179028132993 0.07424812030075187 0.210997442455243
0 0.5596804511278195 0.7787723785166241 0.07424812030075187 0.2173913043478261
0 0.7218045112781954 0.782608695652174 0.07142857142857142 0.20971867007672637
0 0.8590225563909774 0.4450127877237852 0.08646616541353383 0.2173913043478261
0 0.7044172932330827 0.4437340153452686 0.07988721804511278 0.2071611253196931
0 0.556390977443609 0.4501278772378517 0.07894736842105263 0.21483375959079284
0 0.40930451127819545 0.45204603580562663 0.06860902255639098 0.21355498721227623
0 0.262687969924812 0.45268542199488493 0.07048872180451127 0.20460358056265987
0 0.1381578947368421 0.15153452685421995 0.06578947368421052 0.15728900255754477
0 0.27725563909774437 0.14450127877237853 0.06954887218045112 0.16112531969309465
0 0.41353383458646614 0.14450127877237853 0.06954887218045112 0.15089514066496165
0 0.5493421052631579 0.14641943734015347 0.06484962406015038 0.15728900255754477
0 0.6856203007518796 0.14002557544757036 0.06860902255639098 0.15473145780051153
0 0.8322368421052632 0.14450127877237853 0.06672932330827067 0.1636828644501279
