2 0.18320312500000002 0.6770833333333334 0.25390625 0.4625
1 0.29375 0.40902777777777777 0.043750000000000004 0.059722222222222225
3 0.471484375 0.34097222222222223 0.20546875 0.0375
3 0.7253906250000001 0.3368055555555556 0.14140625 0.043055555555555555
1 0.9261718750000001 0.3888888888888889 0.08828125 0.17777777777777778
0 0.21835937500000002 0.12569444444444444 0.08515625 0.2513888888888889
0 0.466796875 0.12916666666666668 0.09296875 0.25833333333333336
0 0.708203125 0.13194444444444445 0.09453125000000001 0.2638888888888889
0 0.46953125 0.6465277777777778 0.0921875 0.22083333333333335
0 0.7203125 0.6430555555555556 0.096875 0.225
