0 0.246875 0.10069444444444445 0.08281250000000001 0.2013888888888889
0 0.08671875000000001 0.10208333333333333 0.08281250000000001 0.20416666666666666
0 0.6238281250000001 0.5916666666666667 0.09453125000000001 0.3
0 0.83203125 0.5916666666666667 0.09843750000000001 0.3111111111111111
2 0.15742187500000002 0.6687500000000001 0.24140625000000002 0.46805555555555556
5 0.424609375 0.7131944444444445 0.10234375000000001 0.33472222222222225
1 0.960546875 0.25 0.07109375 0.1527777777777778
0 0.43046875 0.10138888888888889 0.084375 0.20277777777777778
0 0.6238281250000001 0.0951388888888889 0.09296875 0.1902777777777778
0 0.826171875 0.08888888888888889 0.09453125000000001 0.17777777777777778
