3 0.18373115577889448 0.40205371248025273 0.11871859296482412 0.08056872037914692
3 0.6608040201005025 0.41232227488151657 0.10804020100502512 0.08846761453396525
3 0.8420226130653267 0.42890995260663506 0.10741206030150754 0.06477093206951026
1 0.9585427135678392 0.43759873617693523 0.059045226130653265 0.10742496050552923
0 0.1199748743718593 0.14928909952606634 0.04396984924623116 0.22906793048973143
0 0.20131909547738694 0.160347551342812 0.03454773869346734 0.22906793048973143
0 0.2763819095477387 0.16824644549763032 0.0414572864321608 0.21011058451816744
0 0.4528894472361809 0.18325434439178515 0.0364321608040201 0.21484992101105846
2 0.48272613065326636 0.6548183254344392 0.125 0.40916271721958924
0 0.6658291457286433 0.5995260663507109 0.11306532663316583 0.2606635071090047
0 0.18467336683417085 0.5924170616113744 0.19472361809045227 0.27488151658767773
5 0.18310301507537688 0.7195892575039494 0.03454773869346734 0.25434439178515006
5 0.6652010050251257 0.7219589257503949 0.04271356783919598 0.23696682464454977
5 0.8413944723618091 0.7180094786729858 0.038316582914572864 0.23222748815165875
0 0.8614949748743719 0.1990521327014218 0.035804020100502515 0.21800947867298578
0 0.7989949748743719 0.19115323854660346 0.038944723618090454 0.2116903633491311
0 0.6937814070351759 0.1872037914691943 0.035804020100502515 0.21011058451816744
0 0.625 0.17614533965244866 0.038944723618090454 0.21958925750394945
0 0.5241834170854272 0.18562401263823064 0.03454773869346734 0.2259083728278041
0 0.8423366834170855 0.5987361769352291 0.10678391959798995 0.2685624012638231
