0 0.4735706580366774 0.581787521079258 0.032362459546925564 0.23946037099494097
0 0.5161812297734627 0.5826306913996627 0.031283710895361375 0.2411467116357504
0 0.5625674217907227 0.5885328836424958 0.024811218985976265 0.24283305227655985
0 0.6062567421790722 0.5834738617200674 0.032362459546925564 0.24283305227655985
0 0.7815533980582524 0.5860033726812816 0.0593311758360302 0.22091062394603708
0 0.8802588996763754 0.5910623946037099 0.060409924487594385 0.22765598650927485
2 0.24056094929881336 0.7672849915682968 0.23516720604099242 0.4148397976391231
0 0.1936353829557713 0.11382799325463742 0.14131607335490828 0.22765598650927485
0 0.04908306364617044 0.16610455311973019 0.06364617044228695 0.21079258010118043
0 0.49352750809061485 0.17959527824620572 0.07011866235167205 0.193929173693086
0 0.6127292340884574 0.1863406408094435 0.0668824163969795 0.19730185497470487
0 0.7874865156418553 0.1863406408094435 0.0517799352750809 0.19730185497470487
0 0.8818770226537216 0.19308600337268128 0.057173678532901825 0.193929173693086
3 0.5382955771305286 0.4232715008431703 0.18338727076591152 0.0775716694772344
0 0.5269687162891046 0.9165261382799325 0.17367853290183385 0.12310286677908937
