3 0.43114973262032086 0.4182692307692308 0.10962566844919786 0.05048076923076923
3 0.7352941176470588 0.43870192307692313 0.20855614973262032 0.057692307692307696
3 0.8482620320855615 0.6887019230769231 0.11631016042780748 0.06730769230769232
3 0.6768048128342246 0.6917067307692308 0.1303475935828877 0.0733173076923077
3 0.11764705882352941 0.4008413461538462 0.11631016042780748 0.06370192307692309
3 0.1106283422459893 0.6802884615384616 0.15574866310160426 0.08413461538461539
3 0.43382352941176466 0.6802884615384616 0.1537433155080214 0.07692307692307693
1 0.9578877005347594 0.4867788461538462 0.06016042780748663 0.16586538461538464
0 0.08255347593582887 0.20853365384615385 0.04879679144385026 0.17908653846153846
0 0.1858288770053476 0.21334134615384617 0.05213903743315508 0.1887019230769231
0 0.28308823529411764 0.22536057692307693 0.04745989304812834 0.17668269230769232
0 0.38101604278074863 0.22415865384615385 0.04545454545454545 0.18629807692307693
0 0.47359625668449196 0.234375 0.051470588235294115 0.18509615384615385
0 0.6036096256684491 0.24579326923076925 0.0481283422459893 0.18149038461538464
0 0.6925133689839572 0.25 0.04545454545454545 0.16586538461538464
0 0.7874331550802138 0.2566105769230769 0.04545454545454545 0.17908653846153846
0 0.875 0.2620192307692308 0.0481283422459893 0.1826923076923077
0 0.8950534759358288 0.5558894230769231 0.0641711229946524 0.16466346153846154
0 0.8021390374331551 0.5606971153846154 0.06684491978609625 0.17668269230769232
0 0.7112299465240641 0.5528846153846154 0.06283422459893048 0.1778846153846154
0 0.6099598930481283 0.5450721153846154 0.06216577540106952 0.17427884615384617
0 0.4782754010695187 0.5414663461538461 0.06483957219251336 0.19591346153846154
0 0.3826871657754011 0.5414663461538461 0.06082887700534759 0.1887019230769231
0 0.2784090909090909 0.5246394230769231 0.05548128342245989 0.16947115384615385
0 0.17346256684491979 0.5366586538461539 0.07018716577540106 0.19591346153846154
0 0.06483957219251336 0.530048076923077 0.07085561497326202 0.19711538461538464
5 0.04745989304812834 0.8359375 0.06818181818181818 0.21274038461538464
5 0.2727272727272727 0.7950721153846154 0.07085561497326202 0.234375
0 0.37901069518716574 0.8233173076923077 0.06149732620320855 0.19230769230769232
5 0.48429144385026734 0.8323317307692308 0.06350267379679143 0.20072115384615385
0 0.6163101604278074 0.8197115384615385 0.06550802139037433 0.18509615384615385
0 0.7149064171122994 0.8305288461538461 0.06885026737967914 0.1826923076923077
