0 0.06485355648535564 0.44963369963369965 0.07740585774058577 0.32783882783882784
0 0.21861924686192466 0.45054945054945056 0.06903765690376569 0.326007326007326
0 0.37918410041841 0.45146520146520147 0.08263598326359832 0.3131868131868132
0 0.5423640167364017 0.3836996336996337 0.07845188284518828 0.17765567765567766
0 0.7981171548117154 0.4652014652014652 0.17782426778242677 0.1794871794871795
1 0.7547071129707112 0.20512820512820512 0.1307531380753138 0.41025641025641024
3 0.34989539748953974 0.057692307692307696 0.557531380753138 0.11538461538461539
0 0.2180962343096234 0.8589743589743589 0.06799163179916318 0.21978021978021978
3 0.14487447698744768 0.6978021978021978 0.26882845188284515 0.054945054945054944
5 0.3802301255230125 0.8653846153846154 0.07426778242677824 0.22527472527472528
5 0.772489539748954 0.8141025641025641 0.07635983263598325 0.27289377289377287
0 0.8404811715481171 0.7097069597069597 0.05334728033472803 0.17399267399267399
3 0.8540794979079497 0.5805860805860806 0.24581589958158995 0.08424908424908426
