1 0.11930926216640503 0.3907563025210084 0.15070643642072215 0.15966386554621848
3 0.8021978021978022 0.4222689075630252 0.34222919937205654 0.13445378151260504
0 0.09811616954474098 0.2153361344537815 0.10204081632653061 0.22478991596638653
0 0.30062794348508637 0.22058823529411764 0.10832025117739404 0.226890756302521
0 0.5054945054945055 0.22163865546218486 0.10047095761381476 0.22478991596638653
0 0.6985871271585558 0.22163865546218486 0.09733124018838304 0.21218487394957983
0 0.8948194662480378 0.226890756302521 0.09105180533751962 0.2310924369747899
5 0.27864992150706436 0.7668067226890756 0.13029827315541603 0.3361344537815126
2 0.06750392464678179 0.736344537815126 0.13500784929356358 0.4474789915966386
0 0.4874411302982732 0.7247899159663865 0.10204081632653061 0.2394957983193277
5 0.6923076923076924 0.7542016806722689 0.10361067503924648 0.32352941176470584
0 0.8956043956043956 0.7216386554621849 0.11145996860282575 0.23739495798319327
