3 0.21359223300970875 0.42727272727272725 0.33980582524271846 0.06818181818181818
3 0.6423948220064726 0.4284090909090909 0.12297734627831716 0.0659090909090909
3 0.9037216828478964 0.42159090909090907 0.13106796116504854 0.06136363636363636
0 0.1092233009708738 0.2102272727272727 0.09870550161812298 0.24318181818181817
0 0.36245954692556637 0.20568181818181816 0.10679611650485438 0.2477272727272727
0 0.6245954692556634 0.2102272727272727 0.10679611650485438 0.27045454545454545
0 0.88915857605178 0.20681818181818182 0.11165048543689321 0.2818181818181818
5 0.09304207119741101 0.7647727272727273 0.12459546925566344 0.3068181818181818
5 0.88915857605178 0.759090909090909 0.13106796116504854 0.2818181818181818
0 0.3584142394822007 0.7159090909090908 0.12459546925566344 0.18181818181818182
0 0.6294498381877023 0.7159090909090908 0.13268608414239483 0.18636363636363634
