3 0.2959309494451295 0.5726587728740581 0.11220715166461159 0.04090419806243272
3 0.8668310727496917 0.22604951560818082 0.14549938347718866 0.0882669537136706
3 0.5946362515413071 0.5565123789020452 0.16707768187422936 0.06027987082884822
4 0.436806411837238 0.7228202368137782 0.043773119605425403 0.17761033369214208
4 0.29839704069050554 0.723896663078579 0.04192355117139334 0.18406889128094725
0 0.155980271270037 0.3858988159311087 0.07644882860665844 0.23143164693218513
0 0.3061035758323058 0.3945102260495156 0.06226880394574599 0.22712594187298168
0 0.437422934648582 0.3945102260495156 0.06350184956843404 0.22497308934337995
0 0.5681257706535142 0.38858988159311086 0.06350184956843404 0.22820236813778255
0 0.687731196054254 0.40473627556512376 0.05240443896424168 0.2131324004305705
0 0.6969790382244143 0.7093649085037674 0.040073982737361284 0.19160387513455326
0 0.2965474722564735 0.7308934337997847 0.06658446362515413 0.2152852529601722
0 0.4395807644882861 0.7282023681377825 0.06535141800246609 0.21420882669537133
0 0.8535758323057954 0.42572658772874056 0.1029593094944513 0.2099031216361679
