3 0.141875 0.4090909090909091 0.18625 0.08522727272727273
3 0.44875 0.41122159090909094 0.3725 0.12073863636363637
3 0.7681250000000001 0.42045454545454547 0.15875 0.07954545454545454
1 0.9375 0.3572443181818182 0.075 0.16619318181818182
0 0.0975 0.17116477272727273 0.0725 0.2002840909090909
0 0.230625 0.1768465909090909 0.06875 0.19744318181818182
0 0.404375 0.17613636363636365 0.08125 0.19886363636363638
0 0.535625 0.1768465909090909 0.08375 0.203125
0 0.706875 0.1825284090909091 0.08125 0.203125
0 0.8356250000000001 0.18323863636363638 0.08625000000000001 0.19602272727272727
0 0.165 0.5980113636363636 0.1625 0.23011363636363638
0 0.45625 0.6015625 0.21 0.2315340909090909
0 0.7725 0.5795454545454546 0.1975 0.20738636363636365
