3 0.6534914361001318 0.303230543318649 0.6508563899868248 0.06901615271659324
3 0.2661396574440053 0.6160058737151248 0.4426877470355731 0.06901615271659324
0 0.0922266139657444 0.1328928046989721 0.07905138339920949 0.16005873715124816
0 0.26745718050065875 0.13656387665198236 0.07905138339920949 0.15859030837004404
0 0.44993412384716736 0.1395007342143906 0.077733860342556 0.17033773861967694
0 0.644927536231884 0.13876651982378854 0.08563899868247694 0.1776798825256975
0 0.8353096179183136 0.1475770925110132 0.0922266139657444 0.1659324522760646
0 0.0836627140974967 0.4464023494860499 0.09617918313570488 0.1938325991189427
0 0.2615283267457181 0.4515418502202643 0.09617918313570488 0.1894273127753304
0 0.4532279314888011 0.4552129221732746 0.08168642951251648 0.1791483113069016
0 0.6495388669301713 0.46035242290748896 0.08168642951251648 0.18649045521292215
0 0.8412384716732543 0.46255506607929514 0.08827404479578393 0.18502202643171806
0 0.08432147562582346 0.8076358296622613 0.09486166007905139 0.19676945668135096
0 0.26745718050065875 0.803230543318649 0.08695652173913043 0.1938325991189427
0 0.46047430830039526 0.8061674008810572 0.0935441370223979 0.2026431718061674
