3 0.406070549630845 0.510655737704918 0.20508613617719443 0.08688524590163935
3 0.649712879409352 0.6270491803278688 0.08695652173913045 0.1360655737704918
3 0.8420836751435603 0.5081967213114754 0.17145200984413456 0.08852459016393442
0 0.3252666119770304 0.27049180327868855 0.06644790812141099 0.26229508196721313
0 0.17145200984413456 0.26557377049180325 0.07054963084495489 0.25901639344262295
0 0.4831829368334701 0.25901639344262295 0.060705496308449555 0.26885245901639343
0 0.6439704675963905 0.25491803278688524 0.06726825266611977 0.28032786885245903
0 0.8334700574241182 0.2540983606557377 0.07547169811320756 0.26557377049180325
5 0.6484823625922888 0.8221311475409836 0.08777686628383921 0.25081967213114753
0 0.4003281378178835 0.7622950819672131 0.1985233798195242 0.2754098360655738
0 0.024610336341263334 0.26967213114754096 0.04922067268252667 0.260655737704918
0 0.8658736669401149 0.7827868852459017 0.12223133716160789 0.16885245901639345
