3 0.2814088598402324 0.405189620758483 0.13870733478576616 0.05189620758483034
3 0.8725490196078431 0.4011976047904191 0.22004357298474944 0.06387225548902195
3 0.1888162672476398 0.7534930139720558 0.04502541757443718 0.04590818363273453
3 0.27886710239651413 0.7514970059880239 0.04938271604938271 0.049900199600798396
3 0.3671023965141612 0.7504990019960079 0.05156136528685548 0.03992015968063872
0 0.06717501815541031 0.5878243512974052 0.053013798111837325 0.24550898203592814
0 0.19426289034132171 0.5928143712574849 0.0457516339869281 0.2395209580838323
0 0.28177196804647786 0.5888223552894211 0.04212055192447349 0.24351297405189617
0 0.36891793754538854 0.5878243512974052 0.04066811909949165 0.22554890219560877
5 0.574800290486565 0.7415169660678642 0.058823529411764705 0.3133732534930139
0 0.37363834422657954 0.17564870259481036 0.03848946986201888 0.21556886227544908
0 0.2937545388525781 0.17964071856287422 0.03994190268700073 0.19960079840319359
0 0.20987654320987653 0.17265469061876246 0.0392156862745098 0.18962075848303392
0 0.08750907770515613 0.16067864271457086 0.037037037037037035 0.1776447105788423
0 0.5722585330428468 0.4860279441117764 0.06390704429920116 0.08582834331337325
0 0.7810457516339869 0.5898203592814371 0.04139433551198257 0.23752495009980037
0 0.8674655047204067 0.5928143712574849 0.0457516339869281 0.21956087824351295
0 0.9480755265068991 0.5988023952095808 0.042846768336964415 0.2275449101796407
0 0.9255628177196804 0.1776447105788423 0.042846768336964415 0.19960079840319359
0 0.8453159041394336 0.17964071856287422 0.04212055192447349 0.18762475049900199
0 0.7632534495279594 0.1806387225548902 0.04357298474945534 0.20958083832335328
0 0.5896877269426289 0.09381237524950099 0.05374001452432825 0.18762475049900199
0 0.6633986928104575 0.09381237524950099 0.037037037037037035 0.18762475049900199
0 0.5214233841684822 0.09281437125748503 0.04212055192447349 0.18562874251497005
