3 0.3890173410404624 0.3617886178861789 0.3040462427745665 0.06016260162601626
3 0.31676300578034683 0.7341463414634146 0.14566473988439307 0.030894308943089432
3 0.8572254335260117 0.7308943089430894 0.1630057803468208 0.030894308943089432
3 0.05086705202312139 0.656910569105691 0.10173410404624278 0.022764227642276424
0 0.05433526011560694 0.16747967479674797 0.06705202312138729 0.191869918699187
0 0.20173410404624278 0.17073170731707318 0.07052023121387284 0.17886178861788618
0 0.3393063583815029 0.1796747967479675 0.06820809248554914 0.18048780487804877
0 0.47514450867052027 0.1796747967479675 0.06011560693641619 0.17073170731707318
0 0.607514450867052 0.17886178861788618 0.06127167630057804 0.17235772357723578
0 0.04161849710982659 0.5341463414634147 0.06242774566473989 0.183739837398374
0 0.192485549132948 0.5398373983739837 0.05895953757225434 0.17886178861788618
0 0.3277456647398844 0.5357723577235772 0.06358381502890174 0.183739837398374
0 0.4687861271676301 0.5349593495934959 0.06358381502890174 0.17560975609756097
0 0.6034682080924856 0.5373983739837398 0.0647398843930636 0.19349593495934958
0 0.7421965317919076 0.5382113821138211 0.055491329479768786 0.18536585365853658
0 0.8815028901734104 0.5390243902439025 0.06589595375722544 0.18048780487804877
0 0.608092485549133 0.832520325203252 0.08554913294797688 0.17560975609756097
0 0.8930635838150289 0.8292682926829268 0.08208092485549133 0.16585365853658537
0 0.17109826589595376 0.8439024390243902 0.08554913294797688 0.13658536585365855
0 0.8046242774566474 0.14552845528455285 0.12485549132947978 0.09268292682926829
