3 0.07507082152974505 0.48402555910543127 0.1274787535410765 0.07028753993610223
3 0.4098205854579792 0.4792332268370607 0.32483474976392823 0.08626198083067092
3 0.846081208687441 0.46246006389776356 0.3059490084985836 0.11022364217252395
0 0.09584513692162418 0.20527156549520767 0.06704438149197356 0.26038338658146964
0 0.2530689329556185 0.20447284345047922 0.07743153918791312 0.23961661341853036
5 0.08876298394711993 0.7460063897763578 0.12086874409820586 0.3642172523961661
0 0.25118035882908407 0.6797124600638977 0.08120868744098206 0.2476038338658147
0 0.41548630783758267 0.6733226837060703 0.08687440982058546 0.2507987220447284
0 0.5821529745042493 0.6637380191693291 0.07459867799811143 0.22843450479233227
0 0.7511803588290841 0.6653354632587859 0.0764872521246459 0.22843450479233227
0 0.9140698772426818 0.6589456869009584 0.08120868744098206 0.21884984025559104
0 0.4159584513692163 0.20287539936102236 0.0708215297450425 0.24920127795527156
0 0.578847969782814 0.20207667731629392 0.07554296506137867 0.24440894568690094
0 0.7403210576015109 0.20447284345047922 0.0736543909348442 0.2523961661341853
0 0.9041548630783759 0.20287539936102236 0.07837582625118036 0.2460063897763578
