3 0.35104166666666664 0.5638888888888889 0.3260416666666667 0.061111111111111116
3 0.61953125 0.5694444444444444 0.0984375 0.04259259259259259
0 0.23177083333333334 0.07592592592592592 0.084375 0.15185185185185185
0 0.22005208333333334 0.39305555555555555 0.0671875 0.2101851851851852
0 0.3515625 0.40092592592592596 0.06458333333333333 0.21296296296296297
0 0.4786458333333333 0.40046296296296297 0.06770833333333333 0.2138888888888889
0 0.609375 0.40555555555555556 0.06979166666666667 0.2111111111111111
0 0.73828125 0.41250000000000003 0.07239583333333333 0.21574074074074076
0 0.9674479166666666 0.08750000000000001 0.0640625 0.17500000000000002
0 0.8505208333333333 0.08055555555555556 0.065625 0.16111111111111112
0 0.7333333333333333 0.08055555555555556 0.08125 0.16111111111111112
0 0.6109375 0.08287037037037037 0.07604166666666666 0.16574074074074074
0 0.48072916666666665 0.08055555555555556 0.07083333333333333 0.16111111111111112
0 0.3536458333333333 0.07361111111111111 0.06979166666666667 0.14722222222222223
0 0.20677083333333332 0.7532407407407408 0.09375 0.20092592592592592
0 0.334375 0.7486111111111111 0.08541666666666667 0.20462962962962963
0 0.4809895833333333 0.7564814814814815 0.08385416666666666 0.22037037037037038
0 0.6145833333333334 0.7546296296296297 0.07395833333333333 0.20185185185185187
0 0.7450520833333333 0.7560185185185185 0.07760416666666667 0.19351851851851853
0 0.8763020833333334 0.7592592592592593 0.08072916666666667 0.20740740740740743
