3 0.5338196286472148 0.5803183791606367 0.09018567639257294 0.026049204052098405
3 0.7460212201591512 0.5723589001447178 0.3129973474801061 0.06512301013024602
1 0.9641909814323607 0.512301013024602 0.05702917771883289 0.25180897250361794
3 0.14389920424403183 0.5882778581765556 0.07294429708222812 0.03328509406657019
3 0.388262599469496 0.21635311143270622 0.6956233421750663 0.07959479015918958
0 0.11505305039787798 0.39218523878437045 0.03779840848806366 0.15340086830680172
5 0.08521220159151194 0.7908827785817655 0.08156498673740052 0.2069464544138929
0 0.10809018567639257 0.6577424023154848 0.04774535809018567 0.07959479015918958
5 0.379973474801061 0.7489146164978292 0.04376657824933687 0.1548480463096961
0 0.20722811671087532 0.3900144717800289 0.03779840848806366 0.1606367583212735
0 0.29675066312997345 0.394356005788712 0.033819628647214856 0.16353111432706222
0 0.3822944297082228 0.37554269175108534 0.03249336870026525 0.13169319826338638
0 0.4668435013262599 0.3777134587554269 0.03315649867374005 0.12445730824891461
0 0.5523872679045092 0.3900144717800289 0.030503978779840846 0.1606367583212735
0 0.6389257294429708 0.39507959479015914 0.03647214854111406 0.16208393632416787
0 0.7218169761273209 0.39290882778581765 0.03779840848806366 0.1606367583212735
0 0.8076923076923076 0.3936324167872648 0.029177718832891244 0.15340086830680172
0 0.8935676392572944 0.39507959479015914 0.033819628647214856 0.15340086830680172
0 0.21087533156498672 0.1114327062228654 0.03978779840848806 0.11577424023154848
0 0.30039787798408485 0.10564399421128798 0.04376657824933687 0.12735166425470332
0 0.383289124668435 0.1114327062228654 0.03315649867374005 0.12445730824891461
0 0.47015915119363394 0.11794500723589 0.03315649867374005 0.12590448625180897
0 0.553050397877984 0.12011577424023154 0.03846153846153846 0.12735166425470332
0 0.6375994694960212 0.11939218523878437 0.029840848806366047 0.11722141823444283
0 0.7208222811671087 0.11722141823444283 0.030503978779840846 0.13024602026049203
0 0.803050397877984 0.11287988422575976 0.027851458885941642 0.0984081041968162
0 0.8905835543766578 0.11866859623733718 0.03315649867374005 0.12735166425470332
0 0.1246684350132626 0.10347322720694645 0.02652519893899204 0.1345875542691751
0 0.03779840848806366 0.10347322720694645 0.03315649867374005 0.13748191027496381
