0 0.1639871382636656 0.12315930388219544 0.10610932475884244 0.14190093708165996
0 0.6921221864951769 0.13922356091030788 0.10128617363344052 0.15261044176706826
0 0.8802250803858521 0.1539491298527443 0.10128617363344052 0.1499330655957162
0 0.3657556270096463 0.39959839357429716 0.11093247588424437 0.20214190093708165
0 0.09565916398713827 0.41365461847389556 0.13665594855305466 0.179384203480589
0 0.5257234726688103 0.4149933065595716 0.07717041800643087 0.1686746987951807
0 0.6720257234726688 0.430388219544846 0.09646302250803858 0.16733601070950468
0 0.8689710610932476 0.4397590361445783 0.09163987138263666 0.17001338688085676
0 0.27009646302250806 0.7402945113788487 0.13504823151125403 0.19009370816599733
0 0.42443729903536975 0.7436412315930387 0.1157556270096463 0.17804551539491298
0 0.6406752411575563 0.7436412315930387 0.1045016077170418 0.17804551539491298
0 0.8609324758842444 0.7463186077643909 0.10771704180064308 0.17804551539491298
1 0.7459807073954984 0.682061579651941 0.06752411575562701 0.10575635876840696
1 0.07154340836012861 0.6613119143239625 0.1302250803858521 0.0856760374832664
