1 0.05452436194895592 0.22214484679665739 0.07347254447022429 0.4192200557103064
1 0.9381283836040217 0.2994428969359331 0.0897138437741686 0.2841225626740947
3 0.7896365042536737 0.5132311977715878 0.2134570765661253 0.06824512534818941
3 0.34300077339520496 0.4937325905292479 0.11987625676720805 0.07103064066852367
0 0.1840680587780356 0.30779944289693595 0.06805877803557618 0.22284122562674094
0 0.29273008507347253 0.31754874651810583 0.065738592420727 0.22841225626740946
0 0.4037122969837587 0.31824512534818944 0.0634184068058778 0.21587743732590528
0 0.5699922660479505 0.3279944289693593 0.06187161639597835 0.21030640668523676
0 0.699922660479505 0.32729805013927576 0.06960556844547564 0.2200557103064067
0 0.8236658932714618 0.334958217270195 0.06496519721577726 0.21866295264623956
0 0.16357308584686775 0.7346796657381616 0.05491105955143078 0.21030640668523676
0 0.397138437741686 0.7437325905292479 0.06109822119102862 0.19498607242339833
0 0.5699922660479505 0.7416434540389972 0.05104408352668214 0.18523676880222842
5 0.2745552977571539 0.7889972144846796 0.0897138437741686 0.3022284122562674
5 0.7126836813611755 0.7862116991643454 0.08739365815931942 0.318941504178273
0 0.8356535189481825 0.7534818941504178 0.044083526682134576 0.18384401114206128
