3 0.5837187789084182 0.45200698080279234 0.181313598519889 0.07329842931937174
3 0.772895467160037 0.5802792321116929 0.17668825161887142 0.08551483420593368
3 0.9107308048103608 0.462478184991274 0.17668825161887142 0.06282722513089005
3 0.227104532839963 0.5104712041884817 0.19888991674375578 0.09598603839441536
1 0.049028677150786314 0.41012216404886565 0.0851063829787234 0.18848167539267016
5 0.7900092506938021 0.8211169284467714 0.08325624421831637 0.3089005235602094
0 0.1517113783533765 0.21727748691099477 0.07030527289546716 0.2600349040139616
0 0.29000925069380207 0.22513089005235604 0.07123034227567068 0.26527050610820246
0 0.4259944495837188 0.2181500872600349 0.06938020351526365 0.2547993019197208
0 0.5568917668825162 0.2111692844677138 0.07030527289546716 0.2513089005235602
0 0.6891766882516189 0.2181500872600349 0.06290471785383904 0.2617801047120419
0 0.8196114708603146 0.22338568935427575 0.06290471785383904 0.24781849912739964
0 0.9477335800185014 0.22425828970331588 0.058279370952821465 0.25654450261780104
0 0.2109158186864015 0.7286212914485166 0.16281221091581868 0.3263525305410122
