3 0.5891472868217054 0.3634894991922456 0.517829457364341 0.10985460420032311
0 0.12558139534883722 0.20113085621970922 0.08682170542635659 0.18578352180936997
0 0.42093023255813955 0.19951534733441034 0.08527131782945736 0.1825525040387722
0 0.7069767441860465 0.20355411954765754 0.08372093023255814 0.18739903069466884
0 0.1248062015503876 0.5428109854604201 0.08527131782945736 0.20355411954765754
0 0.43488372093023253 0.5492730210016156 0.09457364341085271 0.21324717285945075
0 0.7434108527131783 0.5460420032310178 0.11007751937984496 0.19709208400646205
0 0.12170542635658915 0.8416801292407109 0.08527131782945736 0.1324717285945073
0 0.44341085271317826 0.8392568659127626 0.10542635658914729 0.1308562197092084
0 0.7682170542635659 0.8432956381260097 0.11627906976744186 0.1324717285945073
