3 0.1824 0.3720073664825046 0.2336 0.04419889502762431
3 0.18480000000000002 0.4696132596685083 0.168 0.058931860036832415
1 0.4368 0.14825046040515655 0.0448 0.2965009208103131
3 0.7168 0.4097605893186004 0.4768 0.10128913443830571
5 0.7744000000000001 0.7863720073664825 0.14400000000000002 0.27255985267034993
0 0.0816 0.20441988950276244 0.1024 0.2283609576427256
0 0.2872 0.20810313075506445 0.0976 0.23204419889502764
0 0.684 0.21639042357274402 0.18080000000000002 0.19705340699815838
0 0.0824 0.641804788213628 0.0912 0.2154696132596685
0 0.2944 0.6491712707182321 0.09280000000000001 0.20810313075506445
0 0.6224000000000001 0.6777163904235728 0.0896 0.18047882136279927
