1 0.06420454545454544 0.478422619047619 0.046590909090909086 0.31994047619047616
3 0.4920454545454545 0.6086309523809523 0.30227272727272725 0.14285714285714285
4 0.7056818181818182 0.4568452380952381 0.06136363636363636 0.10416666666666666
4 0.8431818181818181 0.4583333333333333 0.05909090909090909 0.09523809523809523
4 0.5607954545454545 0.45461309523809523 0.053409090909090906 0.09970238095238095
4 0.4221590909090909 0.46056547619047616 0.053409090909090906 0.10267857142857142
4 0.28409090909090906 0.462797619047619 0.05227272727272727 0.09523809523809523
4 0.1431818181818182 0.46502976190476186 0.05454545454545454 0.10267857142857142
4 0.21079545454545454 0.7745535714285714 0.2125 0.1919642857142857
0 0.1534090909090909 0.12276785714285714 0.0659090909090909 0.15922619047619047
0 0.2869318181818182 0.12276785714285714 0.060227272727272727 0.15922619047619047
0 0.4193181818181818 0.11011904761904762 0.06818181818181818 0.1636904761904762
5 0.49431818181818177 0.8028273809523809 0.09318181818181817 0.22767857142857142
0 0.49261363636363636 0.7462797619047619 0.2034090909090909 0.12648809523809523
0 0.7823863636363636 0.7730654761904762 0.23522727272727273 0.2425595238095238
0 0.20852272727272728 0.78125 0.2215909090909091 0.23511904761904762
0 0.5568181818181818 0.11160714285714285 0.075 0.16666666666666666
0 0.6994318181818181 0.11235119047619047 0.08295454545454545 0.16517857142857142
0 0.8335227272727272 0.11755952380952381 0.0784090909090909 0.17559523809523808
0 0.9630681818181818 0.11830357142857142 0.06704545454545455 0.1681547619047619
0 0.14261363636363636 0.43229166666666663 0.0715909090909091 0.20089285714285712
0 0.27954545454545454 0.4360119047619047 0.075 0.19642857142857142
0 0.4204545454545454 0.43303571428571425 0.07727272727272727 0.20238095238095238
0 0.5602272727272727 0.43303571428571425 0.08181818181818182 0.20238095238095238
0 0.702840909090909 0.431547619047619 0.0875 0.20535714285714285
0 0.8431818181818181 0.43229166666666663 0.07954545454545454 0.19791666666666666
