0 0.20992366412213742 0.4408117249154453 0.10941475826972011 0.10372040586245772
0 0.47964376590330793 0.43742953776775645 0.10941475826972011 0.10597519729425028
0 0.7340966921119594 0.44024802705749716 0.12468193384223919 0.10033821871476888
0 0.7137404580152672 0.2852311161217587 0.10432569974554708 0.07666290868094701
0 0.6946564885496184 0.16629086809470123 0.09669211195928754 0.05975197294250281
0 0.4720101781170484 0.16967305524239007 0.09414758269720103 0.05749718151071026
0 0.24427480916030536 0.16629086809470123 0.09669211195928754 0.05975197294250281
0 0.22137404580152673 0.28410372040586246 0.1068702290076336 0.08342728297632468
0 0.4783715012722647 0.286358511837655 0.11704834605597965 0.08568207440811725
0 0.1895674300254453 0.6166854565952649 0.13486005089058525 0.12175873731679819
0 0.4872773536895675 0.62119503945885 0.09923664122137406 0.11273957158962795
0 0.7748091603053435 0.6161217587373168 0.12468193384223919 0.12288613303269447
0 0.15267175572519084 0.8438556933483652 0.15267175572519084 0.14994363021420518
0 0.48982188295165396 0.8455467869222096 0.12977099236641224 0.14430665163472378
0 0.8142493638676845 0.8461104847801578 0.1272264631043257 0.1386696730552424
3 0.49109414758269726 0.7226606538895152 0.5343511450381679 0.05411499436302142
