3 0.598078197481776 0.18085106382978725 0.29357190192180255 0.07598784194528875
3 0.3949635520212061 0.5433130699088146 0.13783962889330684 0.05319148936170213
3 0.9307488402915839 0.5638297872340425 0.10271703114645461 0.0425531914893617
3 0.16766070245195494 0.5425531914893617 0.13783962889330684 0.057750759878419454
1 0.05500331345261763 0.5911854103343465 0.05168986083499006 0.11550151975683891
1 0.670311464546057 0.6193009118541033 0.03644797879390325 0.10790273556231003
1 0.5470510271703115 0.6314589665653495 0.02584493041749503 0.13221884498480244
0 0.0559973492379059 0.06231003039513678 0.04572564612326044 0.12462006079027356
0 0.1510934393638171 0.0972644376899696 0.038436050364479786 0.1276595744680851
0 0.219350563286945 0.10030395136778116 0.04638833664678595 0.13069908814589665
0 0.29092113982770046 0.10106382978723404 0.04506295559973492 0.14437689969604864
0 0.3621603711066932 0.09422492401215805 0.041749502982107355 0.14285714285714285
0 0.4294234592445328 0.09422492401215805 0.04771371769383698 0.1458966565349544
0 0.5039761431411531 0.0972644376899696 0.03777335984095428 0.1337386018237082
0 0.5937707090788602 0.10258358662613981 0.039761431411530816 0.12917933130699089
0 0.68389662027833 0.09802431610942249 0.039761431411530816 0.12917933130699089
0 0.756129887342611 0.09954407294832826 0.04506295559973492 0.135258358662614
0 0.8286944996686547 0.09346504559270517 0.041749502982107355 0.12613981762917933
0 0.8989396951623592 0.0911854103343465 0.0390987408880053 0.13069908814589665
0 0.9738237243207423 0.10106382978723404 0.033797216699801194 0.1474164133738602
0 0.04108681245858184 0.35790273556231 0.03711066931742876 0.15653495440729484
0 0.13916500994035785 0.3655015197568389 0.03445990722332671 0.1656534954407295
0 0.2094102054340623 0.3662613981762918 0.038436050364479786 0.1641337386018237
0 0.2892644135188867 0.3670212765957447 0.041749502982107355 0.1656534954407295
0 0.3611663353214049 0.3731003039513678 0.038436050364479786 0.16869300911854104
0 0.4320742213386349 0.36854103343465044 0.03578528827037773 0.16261398176291794
0 0.5016567263088137 0.3655015197568389 0.03313452617627568 0.1717325227963526
0 0.5911199469847581 0.36322188449848025 0.03445990722332671 0.1641337386018237
0 0.6905235255135852 0.364741641337386 0.04506295559973492 0.1762917933130699
0 0.7634194831013916 0.35638297872340424 0.04241219350563287 0.16261398176291794
0 0.8369781312127237 0.36246200607902734 0.0437375745526839 0.18085106382978725
0 0.9151756129887343 0.3609422492401216 0.039761431411530816 0.17477203647416414
0 0.1610337972166998 0.6854103343465046 0.10470510271703115 0.22796352583586627
0 0.38866799204771374 0.689209726443769 0.11332007952286283 0.23252279635258358
2 0.6013916500994035 0.7287234042553191 0.09874088800530152 0.32674772036474165
5 0.9370444002650762 0.7545592705167173 0.053015241882041084 0.21428571428571427
5 0.5039761431411531 0.7811550151975684 0.04042412193505633 0.1884498480243161
5 0.6958250497017893 0.7819148936170213 0.04108681245858184 0.21124620060790272
0 0.8197481776010603 0.6930091185410334 0.12326043737574553 0.23404255319148937
5 0.27402253147779987 0.7401215805471124 0.03777335984095428 0.20972644376899696
