0 0.1885119506553585 0.24213836477987422 0.07478797224363916 0.24528301886792453
0 0.36198920585967614 0.7377358490566037 0.07632999228989977 0.24528301886792453
0 0.548959136468774 0.7427672955974842 0.08326908249807247 0.2578616352201258
0 0.7251349267540478 0.7314465408805031 0.07787201233616037 0.23773584905660375
0 0.9043947571318427 0.7345911949685534 0.08018504240555127 0.24654088050314465
0 0.8793369313801079 0.2622641509433962 0.06553585196607556 0.24276729559748428
0 0.7120277563608327 0.2528301886792453 0.05782575173477255 0.24654088050314465
0 0.5431765612952968 0.25345911949685535 0.06553585196607556 0.24779874213836478
0 0.3747108712413261 0.24968553459119497 0.07401696222050887 0.24528301886792453
5 0.16383962991518888 0.7559748427672955 0.10871241326137239 0.31949685534591193
3 0.22243639167309173 0.5578616352201258 0.38936006168080184 0.09685534591194968
