3 0.3378712871287129 0.20684039087947884 0.4368811881188119 0.07926167209554832
3 0.7413366336633663 0.241585233441911 0.17945544554455445 0.055374592833876225
3 0.5875618811881188 0.35884907709011943 0.053836633663366336 0.2008686210640608
3 0.1469678217821782 0.5130293159609121 0.0724009900990099 0.048859934853420196
3 0.40191831683168316 0.5173724212812161 0.07982673267326733 0.04451682953311618
3 0.7385519801980198 0.5255157437567861 0.09096534653465346 0.04777415852334419
3 0.9288366336633663 0.484256243213898 0.125 0.03691639522258415
0 0.14665841584158415 0.38545059717698155 0.06435643564356436 0.1454940282301846
0 0.27629950495049505 0.38382193268186754 0.06373762376237624 0.14006514657980457
0 0.4000618811881188 0.3930510314875136 0.06002475247524752 0.13680781758957655
0 0.5182549504950495 0.38925081433224756 0.05878712871287129 0.1270358306188925
0 0.6791460396039604 0.3968512486427796 0.05878712871287129 0.13789359391965256
0 0.7998143564356436 0.4017372421281216 0.0625 0.14115092290988057
5 0.40160891089108913 0.6997828447339848 0.07797029702970297 0.25732899022801303
0 0.27011138613861385 0.6791530944625408 0.08477722772277228 0.2225841476655809
0 0.13985148514851486 0.6910966340933768 0.08292079207920793 0.21172638436482086
0 0.5253712871287128 0.6764386536373508 0.09158415841584158 0.22801302931596093
0 0.6850247524752475 0.6742671009771988 0.08415841584158416 0.20195439739413681
0 0.8152846534653465 0.6753528773072748 0.04146039603960396 0.1997828447339848
