3 0.6186213070725156 0.38414634146341464 0.2990152193375112 0.10975609756097561
1 0.09444941808415398 0.1402439024390244 0.08325872873769025 0.2652439024390244
1 0.051029543419874666 0.6021341463414634 0.07162041181736795 0.125
0 0.20098478066248882 0.19054878048780488 0.05461056401074306 0.18292682926829268
0 0.3567591763652641 0.18978658536585366 0.06356311548791406 0.19054878048780488
0 0.4856759176365264 0.18978658536585366 0.06177260519247986 0.19359756097560976
0 0.6190689346463742 0.18673780487804878 0.06177260519247986 0.19969512195121952
0 0.7497761862130707 0.18292682926829268 0.06356311548791406 0.20731707317073172
0 0.8742166517457476 0.19283536585365854 0.04207699194270367 0.19359756097560976
0 0.04252461951656222 0.18902439024390244 0.047448522829006266 0.1798780487804878
0 0.3495971351835273 0.6356707317073171 0.09400179051029543 0.3597560975609756
0 0.4807520143240824 0.6303353658536586 0.09310653536257833 0.3643292682926829
5 0.6204118173679498 0.7149390243902439 0.07699194270367055 0.24695121951219512
0 0.7587287376902417 0.631859756097561 0.09042076991942703 0.35518292682926833
0 0.877797672336616 0.6280487804878049 0.051029543419874666 0.3597560975609756
2 0.1674127126230976 0.7934451219512195 0.1342882721575649 0.2911585365853659
0 0.6177260519247986 0.5304878048780488 0.08773500447627573 0.12195121951219512
