0 0.0750943396226415 0.18333333333333335 0.06264150943396227 0.20144927536231885
0 0.2060377358490566 0.18840579710144928 0.06943396226415094 0.19710144927536233
0 0.33094339622641505 0.18768115942028984 0.06113207547169811 0.1927536231884058
3 0.25622641509433963 0.44420289855072465 0.3449056603773585 0.07391304347826087
3 0.7630188679245282 0.4384057971014493 0.03924528301886792 0.07391304347826087
0 0.4566037735849056 0.19130434782608696 0.06037735849056604 0.20869565217391306
0 0.6135849056603774 0.1855072463768116 0.05283018867924528 0.20579710144927538
0 0.7460377358490565 0.1818840579710145 0.07471698113207546 0.21884057971014492
0 0.050188679245283016 0.6753623188405797 0.07773584905660377 0.2318840579710145
0 0.20037735849056604 0.6710144927536232 0.08377358490566038 0.24057971014492754
0 0.3154716981132075 0.668840579710145 0.07094339622641509 0.22753623188405797
0 0.4649056603773585 0.6818840579710145 0.06037735849056604 0.23333333333333334
0 0.6479245283018867 0.682608695652174 0.05811320754716981 0.24057971014492754
5 0.770188679245283 0.7434782608695653 0.08981132075471698 0.3536231884057971
