3 0.3147859922178989 0.3988580750407831 0.5284046692607004 0.08972267536704731
3 0.8260700389105059 0.3898858075040783 0.24513618677042803 0.07504078303425775
3 0.049805447470817124 0.5742251223491028 0.06070038910505837 0.06525285481239805
4 0.15447470817120623 0.6582381729200653 0.06303501945525292 0.0766721044045677
4 0.04902723735408561 0.6533442088091355 0.05136186770428016 0.05709624796084829
1 0.3785992217898833 0.5187601957585645 0.05369649805447471 0.17944535073409462
1 0.19221789883268484 0.5236541598694943 0.08249027237354087 0.17292006525285483
1 0.6521400778210117 0.3792822185970636 0.0311284046692607 0.11256117455138663
0 0.06381322957198445 0.2642740619902121 0.038910505836575876 0.21533442088091356
0 0.16186770428015565 0.2642740619902121 0.054474708171206226 0.21533442088091356
0 0.31089494163424125 0.25938009787928223 0.14241245136186773 0.22185970636215335
0 0.4649805447470817 0.23817292006525287 0.05369649805447471 0.22512234910277326
0 0.5824902723735409 0.2398042414355628 0.04747081712062257 0.21859706362153344
0 0.6980544747081713 0.23246329526916804 0.05603112840466926 0.2300163132137031
0 0.8143968871595332 0.22430668841761828 0.06147859922178989 0.23327895595432302
0 0.9369649805447472 0.22185970636215335 0.05603112840466926 0.23491027732463296
0 0.9482490272373542 0.7406199021207178 0.07704280155642024 0.25774877650897227
0 0.8171206225680935 0.6468189233278956 0.07315175097276265 0.09298531810766722
5 0.8280155642023347 0.8156606851549756 0.0933852140077821 0.25122349102773245
0 0.6945525291828795 0.733278955954323 0.06770428015564203 0.2398042414355628
0 0.5762645914396888 0.6598694942903752 0.06614785992217899 0.08646003262642742
0 0.4634241245136187 0.7463295269168027 0.06770428015564203 0.23654159869494293
0 0.14708171206225681 0.7267536704730833 0.054474708171206226 0.23327895595432302
5 0.04085603112840467 0.7822185970636216 0.056809338521400785 0.2202283849918434
5 0.5778210116731518 0.8132137030995107 0.08482490272373541 0.2528548123980424
5 0.30622568093385216 0.7699836867862969 0.08015564202334631 0.24796084828711257
