0 0.216796875 0.30347222222222225 0.07265625 0.22916666666666669
0 0.371875 0.3027777777777778 0.0734375 0.24166666666666667
0 0.51796875 0.30069444444444443 0.07187500000000001 0.24861111111111112
0 0.6628906250000001 0.29791666666666666 0.07265625 0.23750000000000002
0 0.8187500000000001 0.2902777777777778 0.07500000000000001 0.22777777777777777
0 0.976171875 0.29375 0.04609375 0.23750000000000002
0 0.7367187500000001 0.7284722222222223 0.19843750000000002 0.26805555555555555
3 0.736328125 0.5590277777777778 0.14296875 0.051388888888888894
3 0.284375 0.56875 0.13593750000000002 0.04583333333333334
5 0.512890625 0.7347222222222223 0.06328125 0.23333333333333334
0 0.28671875 0.6895833333333333 0.19375 0.1513888888888889
