3 0.42357059509918316 0.44820295983086683 0.16102683780630103 0.06765327695560254
3 0.10443407234539089 0.4513742071881607 0.19719953325554257 0.07399577167019028
3 0.9119019836639439 0.452431289640592 0.08284714119019836 0.06765327695560254
0 0.1656942823803967 0.25158562367864695 0.0676779463243874 0.22410147991543342
0 0.3593932322053675 0.25052854122621565 0.07001166861143523 0.23467230443974632
0 0.5396732788798132 0.2463002114164905 0.073512252042007 0.23467230443974632
0 0.7217036172695449 0.2547568710359408 0.073512252042007 0.226215644820296
0 0.9031505250875145 0.25158562367864695 0.07234539089848308 0.22832980972515857
5 0.1627771295215869 0.773784355179704 0.08051341890315052 0.2536997885835095
5 0.3424737456242707 0.7684989429175476 0.09451575262543757 0.2854122621564482
0 0.5361726954492415 0.7272727272727273 0.09218203033838972 0.17758985200845667
0 0.9072345390898482 0.7167019027484144 0.08751458576429404 0.17758985200845667
