3 0.6588235294117647 0.524896265560166 0.6352941176470588 0.07053941908713693
1 0.13660130718954247 0.4221991701244813 0.14509803921568626 0.24688796680497926
0 0.10196078431372549 0.25103734439834025 0.07320261437908496 0.22821576763485477
0 0.3803921568627451 0.30601659751037347 0.08627450980392157 0.23858921161825727
0 0.5607843137254902 0.30186721991701243 0.0915032679738562 0.23443983402489627
0 0.7392156862745097 0.3070539419087137 0.09542483660130718 0.23236514522821577
0 0.9222222222222222 0.3091286307053942 0.0849673202614379 0.21991701244813278
0 0.10522875816993463 0.7219917012448133 0.08235294117647059 0.3029045643153527
0 0.3764705882352941 0.7821576763485477 0.08627450980392157 0.21991701244813278
0 0.5555555555555555 0.7811203319502075 0.09673202614379084 0.21369294605809128
0 0.7398692810457516 0.783195020746888 0.10196078431372549 0.21784232365145229
0 0.9222222222222222 0.7759336099585062 0.1111111111111111 0.2033195020746888
