1 0.07658157602663707 0.27906976744186046 0.05771365149833518 0.39276485788113696
3 0.21476137624861266 0.5645994832041344 0.13429522752497225 0.043927648578811374
3 0.4361820199778024 0.5710594315245479 0.13984461709211987 0.056847545219638244
3 0.7491675915649278 0.5542635658914729 0.22641509433962265 0.043927648578811374
1 0.9334073251942286 0.2751937984496124 0.04439511653718091 0.39018087855297157
0 0.22086570477247502 0.46640826873385016 0.12430632630410655 0.15762273901808785
0 0.4384017758046615 0.4612403100775194 0.12652608213096558 0.1524547803617571
0 0.7436182019977803 0.46382428940568476 0.2286348501664817 0.12144702842377261
0 0.7480577136514983 0.7041343669250646 0.2286348501664817 0.20413436692506462
0 0.43507214206437295 0.7222222222222222 0.11986681465038845 0.22997416020671835
0 0.20921198668146504 0.7144702842377262 0.12763596004439512 0.21963824289405687
