1 0.7104532839962998 0.2643253234750462 0.03700277520814061 0.3068391866913124
1 0.7146160962072156 0.5101663585951941 0.039777983348751156 0.16266173752310537
1 0.05365402405180389 0.32809611829944546 0.0481036077705828 0.15711645101663585
1 0.04394079555966698 0.5166358595194085 0.039777983348751156 0.16820702402957485
0 0.14246068455134137 0.2975970425138632 0.05550416281221092 0.1922365988909427
2 0.5425531914893618 0.6682070240295749 0.17668825161887142 0.46395563770794823
2 0.8320999074930621 0.7356746765249538 0.1933395004625347 0.38817005545286504
0 0.8186864014801111 0.23197781885397412 0.07955596669750231 0.2532347504621072
0 0.2918593894542091 0.6312384473197782 0.06753006475485662 0.3049907578558225
0 0.13598519888991675 0.6367837338262476 0.06475485661424607 0.3049907578558225
0 0.2955596669750231 0.29390018484288355 0.07123034227567068 0.20702402957486138
