3 0.13215488215488214 0.7316798196166854 0.16666666666666666 0.033821871476888386
3 0.4684343434343434 0.7158962795941375 0.16414141414141414 0.033821871476888386
3 0.6948653198653199 0.7232243517474634 0.1388888888888889 0.03720405862457722
3 0.8594276094276094 0.7249154453213077 0.043771043771043766 0.02480270574971815
5 0.7689393939393939 0.8776775648252536 0.08501683501683502 0.21984216459977451
5 0.531986531986532 0.8810597519729425 0.05555555555555555 0.23337091319052986
0 0.4137205387205387 0.8483652762119503 0.04461279461279461 0.14768883878241262
0 0.29419191919191917 0.8478015783540023 0.04461279461279461 0.15107102593010147
0 0.1813973063973064 0.8489289740698985 0.05134680134680134 0.15332581736189402
0 0.07365319865319865 0.8478015783540023 0.054713804713804715 0.15107102593010147
0 0.6388888888888888 0.8489289740698985 0.057239057239057235 0.16685456595264936
0 0.8434343434343434 0.6279594137542277 0.06734006734006734 0.1262683201803833
0 0.8863636363636364 0.8478015783540023 0.08417508417508417 0.1600901916572717
0 0.7239057239057238 0.6296505073280722 0.04713804713804714 0.12514092446448702
0 0.6228956228956228 0.6257046223224352 0.04882154882154882 0.11724915445321307
0 0.5202020202020202 0.6228861330326945 0.045454545454545456 0.1273957158962796
0 0.41708754208754206 0.6257046223224352 0.041245791245791245 0.12175873731679819
0 0.3101851851851852 0.6149943630214205 0.04461279461279461 0.12514092446448702
0 0.20664983164983164 0.6189402480270575 0.047979797979797977 0.12175873731679819
0 0.10816498316498316 0.6178128523111612 0.06313131313131314 0.12175873731679819
0 0.05345117845117845 0.43291995490417134 0.04966329966329966 0.0992108229988726
0 0.14351851851851852 0.4340473506200676 0.053030303030303025 0.0992108229988726
0 0.23569023569023567 0.43291995490417134 0.043771043771043766 0.10146561443066515
0 0.3232323232323232 0.4340473506200676 0.050505050505050504 0.10372040586245772
0 0.42087542087542085 0.43742953776775645 0.03535353535353535 0.09470124013528748
0 0.5143097643097643 0.4379932356257046 0.0303030303030303 0.10033821871476888
0 0.6085858585858586 0.44193912063134155 0.03535353535353535 0.10146561443066515
0 0.7037037037037037 0.44024802705749716 0.04713804713804714 0.09582863585118376
0 0.7967171717171717 0.44306651634723787 0.04292929292929293 0.10822998872604284
0 0.19528619528619529 0.15670800450958286 0.037037037037037035 0.0653889515219842
0 0.2697811447811448 0.16234498308906425 0.03787878787878788 0.0653889515219842
0 0.34427609427609424 0.16065388951521983 0.03535353535353535 0.06426155580608793
0 0.4263468013468013 0.16234498308906425 0.03451178451178451 0.0653889515219842
0 0.5046296296296297 0.16121758737316796 0.031144781144781142 0.06313416009019165
0 0.587121212121212 0.16629086809470123 0.032828282828282825 0.06877113866967305
0 0.662037037037037 0.16741826381059752 0.03451178451178451 0.05975197294250281
0 0.1734006734006734 0.2835400225479143 0.037037037037037035 0.0822998872604284
0 0.2516835016835017 0.286358511837655 0.04208754208754208 0.07891770011273957
0 0.33459595959595956 0.28579481397970685 0.03956228956228956 0.08004509582863585
0 0.4217171717171717 0.28692220969560317 0.045454545454545456 0.08906426155580609
0 0.51010101010101 0.28804960541149943 0.03198653198653199 0.0822998872604284
0 0.5968013468013468 0.28804960541149943 0.03872053872053872 0.07328072153325817
0 0.6813973063973063 0.2897406989853438 0.03787878787878788 0.07666290868094701
