3 0.22917897223862965 0.5570776255707762 0.27406969875959836 0.0791476407914764
3 0.5525694034258712 0.5692541856925418 0.18606024808033078 0.0578386605783866
3 0.7604843473124631 0.5684931506849314 0.15062020082693445 0.0502283105022831
2 0.8493797991730656 0.8120243531202435 0.12285883047844064 0.3242009132420091
0 0.10248080330773775 0.4063926940639269 0.032486709982279975 0.1491628614916286
0 0.16893089190785587 0.4094368340943683 0.03780271707028943 0.1308980213089802
0 0.24483165977554636 0.4025875190258752 0.030124040165386886 0.1385083713850837
0 0.32043709391612524 0.4048706240487062 0.030124040165386886 0.1461187214611872
0 0.3939751919669226 0.4117199391171994 0.0318960425280567 0.1354642313546423
0 0.470761961015948 0.4003044140030441 0.03071470761961016 0.15220700152207
0 0.5451860602480804 0.4018264840182648 0.03307737743650325 0.1461187214611872
0 0.6261075014766686 0.4025875190258752 0.04016538688718252 0.1293759512937595
0 0.7002362669816893 0.3995433789954338 0.03721204961606615 0.1689497716894977
0 0.7717070289427053 0.4048706240487062 0.03721204961606615 0.136986301369863
0 0.8446544595392794 0.395738203957382 0.03898405197873597 0.1461187214611872
0 0.8951565268753692 0.3926940639269406 0.0490253987005316 0.15220700152207
0 0.8747784997046663 0.13318112633181126 0.024808033077377438 0.0837138508371385
0 0.8307737743650325 0.1385083713850837 0.026580035440047254 0.0943683409436834
0 0.7598936798582399 0.14383561643835616 0.030124040165386886 0.0867579908675799
0 0.6919669226225635 0.1445966514459665 0.03484937979917307 0.1004566210045662
0 0.6169521559362079 0.136986301369863 0.02067336089781453 0.076103500761035
0 0.5443000590667454 0.13470319634703196 0.021854695806261076 0.0837138508371385
0 0.47401063201417604 0.1430745814307458 0.021854695806261076 0.0821917808219178
0 0.40253987005316005 0.1415525114155251 0.027761370348493797 0.0791476407914764
0 0.32722976963969286 0.13926940639269406 0.01535735380980508 0.0745814307458143
0 0.25369167158889544 0.14383561643835616 0.01831069108092144 0.0837138508371385
0 0.18281157708210277 0.14687975646879756 0.017129356172474897 0.0898021308980213
0 0.12138216184288246 0.1506849315068493 0.01594802126402835 0.0882800608828006
