3 0.13310580204778158 0.423412204234122 0.2030716723549488 0.052303860523038606
3 0.4825085324232082 0.42403486924034867 0.06569965870307168 0.1133250311332503
3 0.8442832764505119 0.43212951432129515 0.21075085324232082 0.0921544209215442
4 0.8430034129692833 0.7210460772104608 0.17918088737201365 0.211706102117061
4 0.12585324232081913 0.7334993773349938 0.2175767918088737 0.26899128268991285
0 0.06783276450511945 0.17621419676214198 0.08959044368600683 0.2876712328767123
0 0.21331058020477817 0.17247820672478206 0.08361774744027303 0.2752179327521793
0 0.4108361774744027 0.17621419676214198 0.08959044368600683 0.28019925280199254
0 0.5588737201365188 0.1780821917808219 0.08532423208191127 0.28393524283935245
0 0.7572525597269625 0.18306351183063513 0.07593856655290103 0.273972602739726
0 0.9018771331058021 0.18306351183063513 0.07508532423208192 0.28144458281444584
0 0.8528156996587031 0.7061021170610212 0.25170648464163825 0.37858032378580325
0 0.4803754266211604 0.7179327521793275 0.2440273037542662 0.3150684931506849
0 0.12627986348122866 0.6973848069738481 0.2286689419795222 0.3686176836861768
