3 0.4872611464968153 0.48689956331877726 0.10828025477707007 0.034934497816593885
3 0.8487261146496816 0.48799126637554585 0.12420382165605096 0.037117903930131
3 0.1998407643312102 0.48689956331877726 0.25 0.05240174672489083
5 0.6703821656050956 0.7237991266375545 0.07643312101910829 0.2554585152838428
0 0.8495222929936306 0.6539301310043668 0.11305732484076433 0.28602620087336245
0 0.8519108280254778 0.2368995633187773 0.07643312101910829 0.22489082969432314
0 0.677547770700637 0.23908296943231439 0.06847133757961783 0.22489082969432314
0 0.5047770700636943 0.23580786026200873 0.06687898089171974 0.21834061135371177
0 0.3192675159235669 0.23253275109170304 0.06847133757961783 0.22489082969432314
0 0.12420382165605096 0.2336244541484716 0.08598726114649682 0.22707423580786024
0 0.09554140127388536 0.6593886462882096 0.12420382165605096 0.28820960698689957
0 0.2898089171974522 0.6539301310043668 0.1305732484076433 0.2947598253275109
0 0.48089171974522293 0.6572052401746724 0.12101910828025478 0.29257641921397376
