3 0.12116040955631399 0.4004934210526316 0.12969283276450513 0.04769736842105263
3 0.5362627986348123 0.4259868421052631 0.11006825938566553 0.046052631578947366
3 0.8690273037542662 0.44572368421052627 0.08447098976109216 0.046052631578947366
0 0.13438566552901024 0.16611842105263158 0.07252559726962457 0.1644736842105263
0 0.310580204778157 0.18667763157894735 0.042662116040955635 0.16282894736842105
0 0.40315699658703075 0.19983552631578946 0.04010238907849829 0.1595394736842105
0 0.488481228668942 0.2064144736842105 0.03668941979522184 0.15296052631578946
0 0.5767918088737202 0.2162828947368421 0.03924914675767918 0.14638157894736842
0 0.6582764505119454 0.22532894736842105 0.03668941979522184 0.14802631578947367
0 0.7376279863481229 0.2319078947368421 0.03839590443686007 0.14473684210526316
0 0.8161262798634812 0.24342105263157893 0.033276450511945395 0.13486842105263158
0 0.8916382252559727 0.25493421052631576 0.034129692832764506 0.1381578947368421
0 0.9620307167235495 0.26233552631578944 0.033276450511945395 0.1332236842105263
0 0.11988054607508533 0.6907894736842105 0.128839590443686 0.23684210526315788
0 0.32380546075085326 0.6990131578947368 0.08276450511945392 0.21710526315789472
0 0.5366894197952219 0.6792763157894737 0.12627986348122866 0.1907894736842105
0 0.7060580204778157 0.6924342105263157 0.11689419795221843 0.19407894736842105
0 0.8732935153583617 0.6924342105263157 0.11006825938566553 0.1875
0 0.302901023890785 0.4934210526315789 0.04948805460750853 0.09539473684210525
0 0.39505119453924914 0.5032894736842105 0.04948805460750853 0.09868421052631579
