3 0.23587740384615385 0.30708661417322836 0.2794471153846154 0.049868766404199474
3 0.8572716346153847 0.3090551181102362 0.2013221153846154 0.048556430446194225
1 0.6213942307692308 0.5931758530183727 0.028846153846153848 0.05774278215223097
3 0.3323317307692308 0.6213910761154856 0.09375 0.05380577427821522
3 0.4435096153846154 0.6095800524934383 0.06490384615384616 0.045931758530183726
3 0.76171875 0.6148293963254593 0.11838942307692309 0.045931758530183726
3 0.8765024038461539 0.618766404199475 0.03185096153846154 0.05643044619422572
3 0.9639423076923077 0.6108923884514436 0.07091346153846154 0.05643044619422572
1 0.48978365384615385 0.6456692913385826 0.018028846153846156 0.09973753280839895
0 0.08203125 0.4461942257217848 0.04146634615384616 0.16010498687664043
0 0.15474759615384617 0.4435695538057743 0.04146634615384616 0.1548556430446194
0 0.2265625 0.4416010498687664 0.03966346153846154 0.16666666666666666
0 0.3004807692307693 0.4416010498687664 0.042067307692307696 0.15354330708661418
0 0.3722956730769231 0.4416010498687664 0.03545673076923077 0.15354330708661418
0 0.4435096153846154 0.44291338582677164 0.03485576923076923 0.15354330708661418
0 0.5162259615384616 0.442257217847769 0.03485576923076923 0.1548556430446194
0 0.569110576923077 0.4409448818897638 0.03245192307692308 0.15223097112860892
0 0.6388221153846154 0.43963254593175854 0.028846153846153848 0.15748031496062992
0 0.7094350961538461 0.4409448818897638 0.034254807692307696 0.15223097112860892
0 0.7833533653846154 0.43700787401574803 0.03545673076923077 0.14960629921259844
0 0.854266826923077 0.4389763779527559 0.030649038461538464 0.14829396325459318
0 0.9224759615384616 0.4416010498687664 0.028846153846153848 0.15354330708661418
0 0.09525240384615385 0.1463254593175853 0.03185096153846154 0.15879265091863518
0 0.16135817307692307 0.1443569553805774 0.04747596153846154 0.17060367454068243
0 0.23137019230769232 0.14566929133858267 0.04567307692307693 0.1653543307086614
0 0.30168269230769235 0.14763779527559054 0.040865384615384616 0.15879265091863518
0 0.37109375 0.1541994750656168 0.03786057692307693 0.16666666666666666
0 0.44140625 0.14698162729658792 0.0390625 0.14698162729658792
0 0.6352163461538461 0.15354330708661418 0.028846153846153848 0.15223097112860892
0 0.7034254807692308 0.15223097112860892 0.03185096153846154 0.16272965879265092
0 0.7725360576923077 0.14829396325459318 0.025841346153846156 0.16272965879265092
0 0.8395432692307693 0.1489501312335958 0.03245192307692308 0.16141732283464566
0 0.9110576923076924 0.15616797900262466 0.025240384615384616 0.15748031496062992
0 0.9786658653846154 0.15354330708661418 0.017427884615384616 0.13910761154855644
0 0.10216346153846155 0.7624671916010498 0.11418269230769232 0.2125984251968504
0 0.3314302884615385 0.7585301837270341 0.10877403846153846 0.2125984251968504
0 0.764423076923077 0.7565616797900262 0.10576923076923078 0.21391076115485563
2 0.5432692307692308 0.7545931758530183 0.10576923076923078 0.25196850393700787
5 0.21424278846153846 0.7526246719160105 0.051081730769230775 0.20078740157480315
5 0.8792067307692308 0.7506561679790026 0.06850961538461539 0.21784776902887137
0 0.6517427884615385 0.7578740157480315 0.049879807692307696 0.21391076115485563
