3 0.23026724673710378 0.4885745375408052 0.1783716594157862 0.06311207834602829
3 0.6159105034182721 0.5250272034820457 0.401491609695463 0.06420021762785637
0 0.23710379117464261 0.3041349292709467 0.056556867619639524 0.20348204570184983
0 0.44561839651957735 0.32100108813928185 0.05469235550031075 0.19804134929270947
0 0.5680546923555003 0.32426550598476606 0.060907395898073334 0.17845484221980415
0 0.6817899316345556 0.33297062023939067 0.043505282784338094 0.1719260065288357
0 0.790863890615289 0.3416757344940152 0.04164077066500932 0.1675734494015234
0 0.5658794282162833 0.6349292709466812 0.04288377874456184 0.15995647442872687
0 0.6796146674953387 0.6256800870511425 0.04288377874456184 0.12840043525571274
0 0.790863890615289 0.6196953210010882 0.03791174642635177 0.11207834602829163
5 0.4437538844002486 0.6594124047878128 0.04972032318210068 0.18715995647442873
2 0.23275326289620882 0.6730141458106638 0.1932877563704164 0.30141458106637653
