1 0.2520833333333333 0.23310185185185187 0.0390625 0.2800925925925926
1 0.428125 0.44745370370370374 0.05260416666666667 0.22916666666666669
1 0.6856770833333333 0.5173611111111112 0.020833333333333332 0.10972222222222222
3 0.30416666666666664 0.5331018518518519 0.11979166666666667 0.06712962962962964
3 0.5177083333333333 0.5826388888888889 0.0625 0.04398148148148148
0 0.18971354166666665 0.25 0.04609375 0.17962962962962964
0 0.234375 0.701388888888889 0.1015625 0.34351851851851856
0 0.352734375 0.6995370370370371 0.07682291666666667 0.2777777777777778
0 0.3229166666666667 0.32708333333333334 0.020833333333333332 0.1550925925925926
0 0.37591145833333334 0.3576388888888889 0.03046875 0.1587962962962963
