0 0.17462165308498254 0.1894374282433984 0.10011641443538999 0.1653272101033295
0 0.4458672875436554 0.20206659012629163 0.09778812572759021 0.15614236509758897
0 0.7124563445867287 0.20780711825487946 0.08149010477299184 0.1515499425947187
3 0.5861466821885913 0.38404133180252586 0.28055878928987193 0.08610792192881746
0 0.7351571594877765 0.5752009184845006 0.09429569266589057 0.1997703788748565
0 0.4417927823050058 0.5694603903559128 0.0989522700814901 0.18828932261768083
0 0.13911525029103608 0.5654420206659013 0.11757857974388825 0.1894374282433984
0 0.1030267753201397 0.9150401836969001 0.12689173457508732 0.10332950631458095
0 0.4447031431897555 0.9230769230769231 0.11175785797438882 0.10562571756601608
0 0.7718277066356228 0.9196326061997704 0.10942956926658906 0.11251435132032148
