3 0.12418494368701836 0.4419642857142857 0.13218731475992887 0.050595238095238096
3 0.31713100177830467 0.44047619047619047 0.056905749851807935 0.05357142857142857
3 0.40723177237700053 0.44047619047619047 0.10432720806164789 0.047619047619047616
3 0.6025489033787789 0.43973214285714285 0.07883817427385892 0.043154761904761904
3 0.7042086544161232 0.44047619047619047 0.08417308832246591 0.05357142857142857
3 0.9134558387670421 0.44494047619047616 0.13989330171902786 0.04464285714285714
0 0.13692946058091285 0.29836309523809523 0.05216360403082394 0.19791666666666666
0 0.23414344991108474 0.30357142857142855 0.045050385299347954 0.17857142857142855
3 0.024599881446354475 0.4419642857142857 0.04445761707172495 0.03273809523809523
3 0.22673384706579724 0.4375 0.03971547125074096 0.026785714285714284
5 0.510669828097214 0.6331845238095237 0.04445761707172495 0.22470238095238093
5 0.11796087729697688 0.6577380952380952 0.056905749851807935 0.16666666666666666
0 0.038826318909306455 0.30952380952380953 0.038529934795494956 0.19642857142857142
0 0.32513337285121513 0.30357142857142855 0.03734439834024896 0.19345238095238093
0 0.4226437462951985 0.30729166666666663 0.03912270302311796 0.1681547619047619
0 0.5097806757557795 0.31919642857142855 0.028452874925903968 0.17410714285714285
0 0.5969176052163604 0.30729166666666663 0.03793716656787196 0.19791666666666666
0 0.6956135151155898 0.3169642857142857 0.03615886188500296 0.1845238095238095
0 0.8657379964433906 0.328125 0.034973325429756966 0.17113095238095238
0 0.944872554831061 0.32663690476190477 0.03912270302311796 0.17113095238095238
0 0.6064018968583283 0.6071428571428571 0.03793716656787196 0.1845238095238095
0 0.41879075281564904 0.6123511904761905 0.03734439834024896 0.17410714285714285
0 0.32009484291641965 0.6264880952380952 0.03556609365737996 0.20833333333333331
0 0.22080616478956727 0.6145833333333333 0.051570835803200946 0.19642857142857142
