0 0.13789062500000002 0.15347222222222223 0.07421875 0.30694444444444446
0 0.30625 0.15069444444444444 0.0734375 0.3013888888888889
0 0.47578125000000004 0.1451388888888889 0.07500000000000001 0.2902777777777778
0 0.65 0.14444444444444446 0.07968750000000001 0.2888888888888889
0 0.8386718750000001 0.14305555555555557 0.07734375 0.28611111111111115
3 0.182421875 0.5951388888888889 0.08359375000000001 0.0625
0 0.18085937500000002 0.7590277777777779 0.16171875000000002 0.4763888888888889
0 0.790625 0.6569444444444444 0.178125 0.2888888888888889
1 0.935546875 0.2763888888888889 0.03359375 0.13611111111111113
0 0.5632812500000001 0.6534722222222222 0.08281250000000001 0.29305555555555557
0 0.3921875 0.7395833333333334 0.0765625 0.43194444444444446
