0 0.08400537634408603 0.09109042553191489 0.07258064516129033 0.1502659574468085
0 0.2231182795698925 0.09507978723404255 0.06720430107526883 0.1529255319148936
0 0.3823924731182796 0.09840425531914894 0.051075268817204304 0.15425531914893617
0 0.5362903225806452 0.11037234042553191 0.0456989247311828 0.1622340425531915
0 0.676747311827957 0.10638297872340426 0.06182795698924732 0.1622340425531915
0 0.8037634408602151 0.13829787234042554 0.06451612903225806 0.14893617021276595
0 0.9297715053763441 0.1356382978723404 0.06922043010752689 0.1595744680851064
0 0.715725806451613 0.4940159574468085 0.08064516129032259 0.2247340425531915
0 0.8746639784946237 0.4986702127659574 0.08803763440860216 0.2154255319148936
1 0.6377688172043011 0.41555851063829785 0.06586021505376345 0.18218085106382978
5 0.5877016129032259 0.7413563829787234 0.11895161290322581 0.4507978723404255
5 0.1690188172043011 0.7400265957446809 0.13642473118279572 0.4428191489361702
0 0.19590053763440862 0.44481382978723405 0.08400537634408603 0.13962765957446807
0 0.5601478494623656 0.449468085106383 0.08131720430107528 0.12234042553191489
0 0.03528225806451613 0.4913563829787234 0.07056451612903226 0.21941489361702127
2 0.3746639784946237 0.6808510638297872 0.19690860215053765 0.5877659574468085
