1 0.842443729903537 0.46894409937888204 0.09003215434083602 0.13043478260869565
3 0.6907824222936763 0.510351966873706 0.1532690246516613 0.06004140786749483
3 0.43140407288317256 0.510351966873706 0.1639871382636656 0.06832298136645963
3 0.12593783494105038 0.5031055900621119 0.1939978563772776 0.06211180124223603
0 0.12754555198285103 0.28778467908902694 0.12861736334405144 0.2525879917184265
0 0.2722400857449089 0.2867494824016563 0.04715969989281886 0.2463768115942029
0 0.4217577706323687 0.28778467908902694 0.12968917470525188 0.2525879917184265
0 0.6827438370846731 0.2867494824016563 0.13290460878885316 0.2505175983436853
0 0.9196141479099679 0.2919254658385093 0.0707395498392283 0.2525879917184265
0 0.09753483386923902 0.6490683229813665 0.09217577706323687 0.19254658385093168
0 0.4255091103965702 0.6501035196687371 0.1457663451232583 0.1946169772256729
0 0.6629153269024651 0.6666666666666667 0.08681672025723472 0.1987577639751553
0 0.9362272240085745 0.7060041407867496 0.0932475884244373 0.2236024844720497
5 0.7572347266881029 0.7391304347826088 0.09110396570203644 0.2567287784679089
5 0.2765273311897106 0.7060041407867496 0.06430868167202572 0.2567287784679089
5 0.17095391211146838 0.7091097308488613 0.04823151125401929 0.2587991718426501
