0 0.182421875 0.2152777777777778 0.05859375 0.2388888888888889
0 0.304296875 0.21805555555555556 0.057031250000000006 0.25
0 0.4296875 0.2152777777777778 0.059375000000000004 0.24166666666666667
0 0.056640625 0.22222222222222224 0.06484375 0.2388888888888889
0 0.047265625000000006 0.65625 0.057031250000000006 0.3263888888888889
0 0.17343750000000002 0.6756944444444445 0.059375000000000004 0.3791666666666667
3 0.36250000000000004 0.43125 0.1375 0.043055555555555555
3 0.365234375 0.61875 0.15234375 0.2791666666666667
2 0.6484375 0.5708333333333333 0.209375 0.7055555555555556
0 0.8539062500000001 0.34097222222222223 0.065625 0.22361111111111112
