3 0.41779396462018736 0.5520446096654275 0.13423517169614985 0.07806691449814127
3 0.8366285119667014 0.5511152416356877 0.14568158168574402 0.08736059479553902
3 0.0931321540062435 0.5678438661710037 0.12174817898022894 0.06505576208178439
1 0.9505723204994798 0.3447955390334572 0.0822060353798127 0.32899628252788105
0 0.061914672216441216 0.3587360594795539 0.04474505723204995 0.1933085501858736
0 0.1592091571279917 0.354089219330855 0.041623309053069726 0.1765799256505576
0 0.2669094693028096 0.35223048327137546 0.04890738813735693 0.1654275092936803
0 0.36836628511966707 0.34386617100371747 0.052029136316337155 0.18587360594795538
0 0.46618106139438087 0.34572490706319703 0.03746097814776275 0.1933085501858736
0 0.5645161290322581 0.3215613382899628 0.04474505723204995 0.1821561338289963
0 0.6337148803329865 0.3094795539033457 0.05619146722164413 0.21003717472118957
0 0.6883454734651405 0.31691449814126393 0.02393340270551509 0.19888475836431227
0 0.7627471383975026 0.33643122676579923 0.05411030176899064 0.18587360594795538
0 0.8642039542143601 0.3336431226765799 0.053069719042663895 0.18029739776951673
0 0.09417273673257025 0.733271375464684 0.1300728407908429 0.2843866171003717
0 0.4224765868886577 0.7304832713754646 0.14568158168574402 0.2788104089219331
0 0.8335067637877211 0.70817843866171 0.15192507804370448 0.24907063197026022
5 0.2559833506763788 0.7890334572490706 0.06451612903225808 0.2732342007434944
