3 0.32287822878228783 0.5015847860538828 0.5744157441574416 0.07448494453248812
1 0.6961869618696187 0.5055467511885896 0.06396063960639607 0.13312202852614896
5 0.5295202952029521 0.768621236133122 0.11193111931119311 0.3676703645007924
2 0.8400984009840099 0.7630744849445326 0.2804428044280443 0.44849445324881143
0 0.1088560885608856 0.23454833597464342 0.10701107011070111 0.2662440570522979
0 0.32287822878228783 0.2377179080824089 0.1045510455104551 0.2567353407290016
0 0.5313653136531366 0.23613312202852615 0.11070110701107011 0.2694136291600634
0 0.7453874538745388 0.24484944532488115 0.09348093480934809 0.24564183835182252
0 0.8997539975399754 0.24722662440570525 0.0947109471094711 0.25356576862123614
0 0.10086100861008611 0.7028526148969889 0.1033210332103321 0.16957210776545167
0 0.3198031980319803 0.7250396196513471 0.09348093480934809 0.21077654516640254
