3 0.43216630196936545 0.5226480836236934 0.13931436907366887 0.0627177700348432
3 0.8508388037928519 0.5296167247386759 0.2326768781911014 0.05574912891986063
3 0.18198395331874545 0.5165505226480837 0.1539022611232677 0.05749128919860627
0 0.14660831509846828 0.37456445993031356 0.04522246535375638 0.17073170731707318
0 0.13420860685630925 0.7064459930313589 0.058351568198395334 0.2038327526132404
0 0.21991247264770242 0.7012195121951219 0.05032822757111598 0.19686411149825783
0 0.3074398249452954 0.6916376306620209 0.04157549234135668 0.20557491289198607
0 0.39350838803792854 0.7090592334494773 0.05032822757111598 0.2264808362369338
0 0.4700948212983224 0.7134146341463414 0.03574033552151714 0.21777003484320556
5 0.5444930707512764 0.7116724738675958 0.05032822757111598 0.22125435540069685
0 0.6287381473377097 0.6986062717770035 0.0525164113785558 0.18118466898954705
0 0.7100656455142232 0.7012195121951219 0.05762217359591539 0.19337979094076654
0 0.7833698030634574 0.695993031358885 0.0525164113785558 0.18989547038327526
0 0.8584974471188913 0.7020905923344948 0.05397520058351568 0.1951219512195122
0 0.9321663019693655 0.6994773519163763 0.058351568198395334 0.18641114982578397
0 0.22939460247994164 0.3780487804878049 0.037199124726477024 0.16376306620209058
0 0.3074398249452954 0.3806620209059233 0.037199124726477024 0.16202090592334495
0 0.3924142961342086 0.3885017421602787 0.029175784099197667 0.17421602787456447
0 0.46498905908096283 0.3989547038327526 0.03282275711159737 0.16376306620209058
0 0.5357403355215171 0.39285714285714285 0.028446389496717725 0.16550522648083624
0 0.6156090444930707 0.397212543554007 0.03355215171407731 0.17770034843205576
0 0.6900072939460248 0.3980836236933798 0.03646973012399708 0.15156794425087108
0 0.762582056892779 0.397212543554007 0.034281546316557256 0.156794425087108
0 0.8373450036469731 0.406794425087108 0.03646973012399708 0.15853658536585366
0 0.9026258205689278 0.4155052264808362 0.03282275711159737 0.15156794425087108
0 0.8176513493800146 0.13588850174216027 0.0437636761487965 0.14285714285714285
0 0.7472647702407003 0.13414634146341464 0.02990517870167761 0.15331010452961671
0 0.6790663749088257 0.12195121951219512 0.0350109409190372 0.1602787456445993
0 0.6079504011670314 0.11933797909407666 0.02990517870167761 0.15505226480836237
0 0.5364697301239971 0.10975609756097561 0.02698760029175784 0.156794425087108
0 0.4762946754194019 0.06881533101045297 0.06272793581327499 0.13066202090592335
0 0.3924142961342086 0.09581881533101046 0.0350109409190372 0.156794425087108
0 0.312545587162655 0.10017421602787456 0.031363967906637494 0.15853658536585366
0 0.23595915390226113 0.08449477351916376 0.037199124726477024 0.16898954703832753
0 0.1601021152443472 0.09059233449477352 0.03865791393143691 0.1672473867595819
