3 0.2356164383561644 0.4099326599326599 0.3506849315068493 0.045454545454545456
3 0.7287671232876712 0.40235690235690236 0.4136986301369863 0.0404040404040404
0 0.06506849315068493 0.5791245791245792 0.0863013698630137 0.23569023569023567
0 0.0773972602739726 0.21632996632996632 0.056164383561643834 0.17003367003367004
0 0.22534246575342465 0.2121212121212121 0.0589041095890411 0.17508417508417506
0 0.3910958904109589 0.21296296296296297 0.05342465753424658 0.1632996632996633
0 0.5595890410958904 0.2079124579124579 0.06164383561643836 0.17676767676767677
0 0.7075342465753425 0.21043771043771042 0.0589041095890411 0.1717171717171717
0 0.8595890410958904 0.20875420875420875 0.06986301369863014 0.17508417508417506
0 0.3938356164383562 0.5740740740740741 0.07534246575342465 0.23905723905723905
0 0.22465753424657534 0.5143097643097643 0.08493150684931507 0.11616161616161616
5 0.2267123287671233 0.6624579124579124 0.0863013698630137 0.17003367003367004
0 0.5684931506849316 0.531986531986532 0.08493150684931507 0.1616161616161616
0 0.8712328767123287 0.5345117845117845 0.08493150684931507 0.15993265993265993
0 0.7184931506849315 0.5134680134680134 0.09178082191780822 0.1212121212121212
