1 0.040955631399317405 0.24548192771084337 0.055745164960182024 0.3373493975903615
3 0.2289533560864619 0.585843373493976 0.0813424345847554 0.06927710843373494
1 0.6032423208191126 0.5873493975903614 0.02104664391353811 0.07530120481927711
1 0.36945392491467577 0.579066265060241 0.02445961319681456 0.10391566265060241
3 0.7025028441410693 0.569277108433735 0.06143344709897611 0.0391566265060241
3 0.7810011376564278 0.5677710843373495 0.04891922639362912 0.05120481927710844
3 0.8640500568828213 0.569277108433735 0.06598407281001137 0.03614457831325302
3 0.4419795221843003 0.5730421686746988 0.11376564277588168 0.08283132530120482
3 0.30261660978384525 0.5971385542168675 0.051194539249146756 0.03765060240963856
3 0.6168941979522184 0.7266566265060241 0.04379977246871444 0.18825301204819278
0 0.18003412969283275 0.15737951807228917 0.09158134243458475 0.18825301204819278
0 0.31171786120591577 0.14457831325301207 0.09670079635949942 0.18373493975903615
0 0.4402730375426621 0.13930722891566266 0.032992036405005684 0.19427710843373494
0 0.5022753128555176 0.13629518072289157 0.05005688282138794 0.19126506024096387
0 0.5600113765642776 0.13478915662650603 0.034698521046643914 0.17319277108433737
0 0.6905574516496018 0.13554216867469882 0.09328782707622298 0.18072289156626506
0 0.8350398179749715 0.13554216867469882 0.10238907849829351 0.1897590361445783
0 0.8418657565415244 0.41490963855421686 0.09783845278725824 0.21536144578313254
0 0.6973833902161547 0.41490963855421686 0.10352673492605233 0.21234939759036145
0 0.4991467576791809 0.411144578313253 0.054038680318543794 0.20783132530120482
0 0.5639931740614335 0.41490963855421686 0.03811149032992036 0.2243975903614458
0 0.43856655290102387 0.411144578313253 0.040955631399317405 0.21686746987951808
0 0.3100113765642776 0.41415662650602414 0.08987485779294653 0.20180722891566266
0 0.1700796359499431 0.4171686746987952 0.08987485779294653 0.20481927710843376
0 0.305745164960182 0.7259036144578314 0.08703071672354948 0.18674698795180725
0 0.15756541524459614 0.7228915662650602 0.08987485779294653 0.1897590361445783
0 0.6973833902161547 0.7176204819277109 0.08873720136518772 0.1852409638554217
0 0.8569397042093287 0.7259036144578314 0.09726962457337883 0.21987951807228917
2 0.4644482366325369 0.7319277108433735 0.1018202502844141 0.20783132530120482
5 0.5551763367463026 0.7259036144578314 0.03526734926052332 0.20180722891566266
5 0.7821387940841865 0.7462349397590362 0.03754266211604095 0.20030120481927713
