3 0.09255319148936171 0.48148148148148145 0.18510638297872342 0.06349206349206349
1 0.10886524822695036 0.5758377425044091 0.04184397163120568 0.09347442680776014
1 0.21773049645390072 0.4479717813051146 0.03120567375886525 0.1128747795414462
1 0.8578014184397164 0.48677248677248675 0.04184397163120568 0.12345679012345678
3 0.9081560283687944 0.36860670194003525 0.09716312056737589 0.07407407407407407
3 0.6205673758865249 0.37213403880070545 0.19432624113475178 0.0564373897707231
4 0.5556737588652483 0.46825396825396826 0.03333333333333333 0.07936507936507936
4 0.27872340425531916 0.455026455026455 0.04822695035460993 0.10934744268077601
4 0.40354609929078017 0.6252204585537918 0.0723404255319149 0.2239858906525573
4 0.5595744680851065 0.6349206349206349 0.03262411347517731 0.13051146384479717
0 0.07411347517730497 0.2962962962962963 0.04893617021276596 0.21869488536155202
0 0.27765957446808515 0.12345679012345678 0.04893617021276596 0.20105820105820105
0 0.3595744680851064 0.12433862433862433 0.04113475177304965 0.1746031746031746
0 0.521985815602837 0.13403880070546736 0.03120567375886525 0.18342151675485008
0 0.4450354609929078 0.14638447971781304 0.04184397163120568 0.20105820105820105
0 0.6014184397163121 0.13403880070546736 0.03687943262411348 0.19753086419753085
0 0.6815602836879433 0.13580246913580246 0.03687943262411348 0.19753086419753085
0 0.7556737588652482 0.1472663139329806 0.03191489361702128 0.1781305114638448
0 0.8088652482269504 0.1472663139329806 0.029078014184397163 0.1675485008818342
0 0.8812056737588653 0.1472663139329806 0.029078014184397163 0.1746031746031746
0 0.9563829787234043 0.15873015873015872 0.02340425531914894 0.15873015873015872
5 0.27801418439716313 0.7160493827160493 0.055319148936170216 0.20811287477954143
5 0.676241134751773 0.7134038800705467 0.04751773049645391 0.21693121693121692
5 0.8709219858156029 0.7037037037037037 0.03404255319148936 0.20458553791887124
0 0.9780141843971631 0.5476190476190476 0.04255319148936171 0.27336860670194
0 0.4031914893617022 0.5696649029982364 0.07304964539007093 0.3492063492063492
0 0.5620567375886525 0.5696649029982364 0.07163120567375887 0.3421516754850088
0 0.9762411347517731 0.5440917107583774 0.04609929078014185 0.25220458553791886
5 0.08262411347517731 0.6816578483245149 0.057446808510638304 0.2768959435626102
0 0.27553191489361706 0.4567901234567901 0.056028368794326246 0.13051146384479717
