1 0.025872093023255813 0.41273996509598604 0.04011627906976744 0.3856893542757417
3 0.9159883720930232 0.5951134380453752 0.051744186046511625 0.055846422338568937
3 0.7220930232558139 0.606457242582897 0.08604651162790697 0.06108202443280977
3 0.5340116279069768 0.599476439790576 0.0563953488372093 0.06806282722513089
3 0.33924418604651163 0.6073298429319371 0.051744186046511625 0.07678883071553229
3 0.16511627906976745 0.6116928446771379 0.08604651162790697 0.05410122164048866
0 0.11395348837209301 0.07678883071553229 0.030232558139534883 0.15357766143106458
0 0.1752906976744186 0.07155322862129145 0.028488372093023254 0.1431064572425829
0 0.23459302325581394 0.07242582897033159 0.028488372093023254 0.14485165794066318
0 0.2933139534883721 0.07329842931937174 0.03081395348837209 0.14659685863874347
0 0.35319767441860467 0.06980802792321117 0.03197674418604651 0.13961605584642234
0 0.4130813953488372 0.07242582897033159 0.03313953488372093 0.14485165794066318
0 0.4703488372093023 0.06544502617801047 0.03255813953488372 0.13089005235602094
0 0.5322674418604652 0.06544502617801047 0.03430232558139535 0.13089005235602094
0 0.5933139534883721 0.06195462478184991 0.02732558139534884 0.12390924956369982
0 0.6558139534883721 0.06282722513089005 0.030232558139534883 0.1256544502617801
0 0.7165697674418604 0.06282722513089005 0.026162790697674417 0.1256544502617801
0 0.7770348837209302 0.06980802792321117 0.029651162790697676 0.13961605584642234
0 0.10959302325581395 0.4328097731239093 0.03313953488372093 0.19546247818499127
0 0.17151162790697674 0.4363001745200698 0.030232558139534883 0.18150087260034906
0 0.22965116279069767 0.42844677137870857 0.026744186046511628 0.1762652705061082
0 0.2877906976744186 0.418848167539267 0.030232558139534883 0.18150087260034906
0 0.3497093023255814 0.4223385689354276 0.028488372093023254 0.18150087260034906
0 0.4113372093023256 0.4232111692844677 0.025 0.17975567190226877
0 0.47267441860465115 0.4118673647469459 0.033720930232558136 0.19197207678883071
0 0.5328488372093023 0.41361256544502617 0.03430232558139535 0.1849912739965096
0 0.5938953488372093 0.4144851657940663 0.029651162790697676 0.19720767888307156
0 0.6555232558139534 0.4153577661431065 0.03430232558139535 0.18848167539267016
0 0.7197674418604652 0.4075043630017452 0.03255813953488372 0.18673647469458987
0 0.7854651162790698 0.4162303664921466 0.027906976744186046 0.18673647469458987
0 0.5348837209302325 0.7582897033158813 0.0872093023255814 0.1762652705061082
0 0.7188953488372093 0.7713787085514834 0.1575581395348837 0.18150087260034906
0 0.16656976744186047 0.7591623036649214 0.07965116279069767 0.16753926701570682
