3 0.5484375 0.5208333333333334 0.278125 0.075
0 0.08203125 0.1763888888888889 0.0921875 0.2611111111111111
0 0.28554687500000003 0.17847222222222223 0.08828125 0.25972222222222224
0 0.46601562500000004 0.18819444444444444 0.08828125 0.2625
0 0.6394531250000001 0.1951388888888889 0.08046875 0.25416666666666665
0 0.833203125 0.2013888888888889 0.08046875 0.2555555555555556
0 0.280078125 0.68125 0.08984375 0.23194444444444445
0 0.46132812500000003 0.6826388888888889 0.08359375000000001 0.22916666666666669
0 0.6414062500000001 0.6576388888888889 0.0890625 0.1736111111111111
0 0.8363281250000001 0.6534722222222222 0.09140625000000001 0.1875
