3 0.5050420168067227 0.3683853459972863 0.40672268907563025 0.1587516960651289
1 0.8680672268907563 0.33785617367706916 0.13949579831932774 0.15196743554952508
0 0.0957983193277311 0.19945725915875168 0.15294117647058825 0.17096336499321574
0 0.2684873949579832 0.20691994572591585 0.07815126050420168 0.15603799185888736
0 0.4432773109243698 0.2021709633649932 0.07142857142857144 0.1655359565807327
0 0.6222689075630252 0.20081411126187243 0.07647058823529412 0.1682496607869742
0 0.8004201680672269 0.19674355495251017 0.07142857142857144 0.16010854816824965
0 0.6260504201680672 0.5115332428765265 0.07563025210084034 0.17639077340569875
0 0.44537815126050423 0.5176390773405698 0.0773109243697479 0.16960651289009496
0 0.2672268907563025 0.5176390773405698 0.07563025210084034 0.18317503392130258
0 0.08949579831932773 0.516282225237449 0.11680672268907563 0.18046132971506104
