3 0.42421875000000003 0.37569444444444444 0.17500000000000002 0.0375
2 0.67890625 0.7159722222222222 0.18125000000000002 0.33194444444444443
0 0.9046875000000001 0.30347222222222225 0.0578125 0.17916666666666667
0 0.626953125 0.2138888888888889 0.041406250000000006 0.23333333333333334
0 0.7312500000000001 0.21458333333333335 0.03125 0.22916666666666669
0 0.48515625 0.24791666666666667 0.0578125 0.1902777777777778
0 0.3671875 0.24930555555555556 0.05625 0.1902777777777778
0 0.15742187500000002 0.1902777777777778 0.12265625000000001 0.2388888888888889
0 0.36015625 0.6027777777777777 0.0546875 0.19444444444444445
0 0.9460937500000001 0.6506944444444445 0.1015625 0.22916666666666669
