0 0.2515625 0.2555555555555556 0.078125 0.24444444444444446
0 0.47265625 0.2520833333333333 0.0765625 0.2513888888888889
0 0.6941406250000001 0.2520833333333333 0.07421875 0.24861111111111112
0 0.917578125 0.25069444444444444 0.08046875 0.24583333333333335
0 0.47265625 0.7388888888888889 0.0671875 0.3055555555555556
3 0.696484375 0.5013888888888889 0.16953125000000002 0.04166666666666667
3 0.24296875 0.5222222222222223 0.09375 0.07777777777777778
5 0.23828125 0.8097222222222222 0.109375 0.29444444444444445
0 0.7035156250000001 0.7340277777777778 0.16171875000000002 0.2986111111111111
0 0.9320312500000001 0.7152777777777778 0.0734375 0.25277777777777777
0 0.242578125 0.6291666666666667 0.16484375 0.07222222222222223
0 0.030078125 0.25416666666666665 0.06015625 0.25277777777777777
