3 0.21671949286846276 0.6632124352331605 0.3478605388272583 0.055267702936096716
3 0.6687797147385103 0.6666666666666666 0.15689381933438987 0.05181347150259067
0 0.11212361331220286 0.8316062176165803 0.041996830427892234 0.15025906735751296
0 0.21553090332805072 0.8316062176165803 0.039619651347068144 0.14335060449050085
5 0.31497622820919174 0.8385146804835923 0.045166402535657686 0.18134715025906734
5 0.9128367670364501 0.8082901554404145 0.05388272583201268 0.18652849740932642
0 0.12123613312202854 0.538860103626943 0.044374009508716325 0.1934369602763385
0 0.2202852614896989 0.538860103626943 0.04595879556259905 0.18998272884283246
0 0.3181458003169572 0.538860103626943 0.046751188589540416 0.17962003454231432
0 0.4144215530903328 0.5397236614853195 0.03803486529318542 0.18134715025906734
0 0.12916006339144215 0.2219343696027634 0.04595879556259905 0.20552677029360966
0 0.22503961965134708 0.21761658031088082 0.04120443740095087 0.2003454231433506
0 0.3201267828843106 0.22020725388601034 0.039619651347068144 0.19516407599309152
0 0.41362916006339145 0.2167530224525043 0.039619651347068144 0.18134715025906734
0 0.5126782884310618 0.21243523316062174 0.04120443740095087 0.17271157167530224
0 0.6045958795562599 0.21848013816925732 0.039619651347068144 0.1848013816925734
0 0.705229793977813 0.229706390328152 0.04754358161648178 0.18998272884283246
0 0.7975435816164818 0.2245250431778929 0.043581616481774964 0.1934369602763385
0 0.8910459587955626 0.2322970639032815 0.043581616481774964 0.20207253886010362
0 0.9033280507131538 0.5371329879101899 0.044374009508716325 0.1934369602763385
0 0.8030903328050714 0.5397236614853195 0.03882725832012678 0.1848013816925734
0 0.7107765451664025 0.533678756476684 0.049128367670364506 0.17616580310880828
0 0.6121236133122029 0.5379965457685665 0.043581616481774964 0.19170984455958548
0 0.5110935023771791 0.5397236614853195 0.04595879556259905 0.18825561312607944
0 0.4112519809825674 0.8316062176165803 0.03803486529318542 0.16062176165803108
0 0.5138668779714739 0.8238341968911916 0.045166402535657686 0.16580310880829013
0 0.6160855784469097 0.8229706390328152 0.045166402535657686 0.153713298791019
0 0.7183042789223455 0.8298791018998273 0.045166402535657686 0.16753022452504318
