1 0.10300429184549356 0.4210526315789474 0.06866952789699571 0.11729323308270677
3 0.7931330472103004 0.45338345864661656 0.33304721030042916 0.08270676691729324
5 0.6523605150214592 0.7466165413533835 0.08240343347639484 0.2992481203007519
5 0.20643776824034335 0.7969924812030076 0.0815450643776824 0.29172932330827067
0 0.06866952789699571 0.1842105263157895 0.07210300429184549 0.23909774436090228
0 0.21330472103004292 0.17819548872180452 0.06609442060085836 0.2210526315789474
0 0.35536480686695276 0.1849624060150376 0.06866952789699571 0.2285714285714286
0 0.4905579399141631 0.1924812030075188 0.06437768240343347 0.23157894736842108
0 0.6407725321888411 0.1849624060150376 0.06437768240343347 0.2285714285714286
0 0.775107296137339 0.1804511278195489 0.06523605150214593 0.2285714285714286
0 0.9111587982832617 0.19323308270676692 0.0575107296137339 0.22406015037593988
0 0.3527896995708154 0.6706766917293233 0.06695278969957082 0.25563909774436094
0 0.492274678111588 0.6729323308270677 0.07296137339055793 0.26315789473684215
0 0.7866952789699571 0.6977443609022557 0.08326180257510729 0.2285714285714286
0 0.9261802575107295 0.6902255639097745 0.07210300429184549 0.23759398496240602
