3 0.37664165103189495 0.3641900121802679 0.650093808630394 0.10962241169305724
1 0.9671669793621013 0.4878197320341047 0.06378986866791744 0.11571254567600486
0 0.099906191369606 0.16626065773447016 0.09287054409005628 0.23995127892813642
0 0.28095684803001875 0.17478684531059682 0.10787992495309569 0.2302070645554202
0 0.46669793621013134 0.17295980511571254 0.08911819887429644 0.23142509135200973
0 0.6355534709193246 0.17722289890377588 0.08161350844277673 0.220462850182704
0 0.8203564727954972 0.18879415347137635 0.07973733583489681 0.21924482338611448
0 0.3030018761726079 0.648599269183922 0.09193245778611632 0.17904993909866015
0 0.46669793621013134 0.6492082825822167 0.08724202626641651 0.17783191230207063
0 0.6369606003752345 0.6473812423873325 0.0825515947467167 0.1766138855054811
0 0.8170731707317073 0.6455542021924482 0.07879924953095685 0.1607795371498173
0 0.6322701688555347 0.8769792935444579 0.09193245778611632 0.06090133982947624
0 0.8086303939962477 0.8757612667478684 0.0900562851782364 0.0730816077953715
