3 0.11373873873873874 0.49900793650793646 0.12612612612612611 0.08928571428571427
3 0.3327702702702703 0.503968253968254 0.09572072072072071 0.07936507936507936
3 0.5295608108108109 0.5158730158730158 0.09403153153153153 0.0873015873015873
3 0.6326013513513513 0.6160714285714285 0.05799549549549549 0.06944444444444445
4 0.7221283783783784 0.6339285714285714 0.08952702702702703 0.057539682539682536
4 0.9155405405405406 0.6388888888888888 0.08896396396396396 0.051587301587301584
4 0.9380630630630631 0.7589285714285714 0.03265765765765766 0.125
4 0.8997747747747747 0.7579365079365079 0.03153153153153153 0.1349206349206349
4 0.745777027027027 0.7648809523809523 0.03209459459459459 0.14087301587301587
4 0.7032657657657657 0.7549603174603174 0.02702702702702703 0.14087301587301587
3 0.8206644144144144 0.5317460317460317 0.08051801801801801 0.06746031746031746
0 0.0982545045045045 0.2738095238095238 0.04222972972972973 0.2738095238095238
0 0.1661036036036036 0.2777777777777778 0.036036036036036036 0.28174603174603174
0 0.23902027027027026 0.28075396825396826 0.03547297297297297 0.27976190476190477
0 0.31024774774774777 0.2926587301587301 0.0472972972972973 0.29563492063492064
0 0.3831644144144144 0.2876984126984127 0.03434684684684685 0.3055555555555555
0 0.45213963963963966 0.30158730158730157 0.037162162162162164 0.26587301587301587
0 0.5180180180180181 0.306547619047619 0.039414414414414414 0.248015873015873
0 0.5574324324324325 0.2976190476190476 0.02927927927927928 0.24603174603174602
0 0.6193693693693694 0.2837301587301587 0.036036036036036036 0.2579365079365079
0 0.6863738738738738 0.3075396825396825 0.03265765765765766 0.23412698412698413
0 0.7463400900900901 0.3075396825396825 0.030968468468468468 0.2579365079365079
0 0.8102477477477478 0.3075396825396825 0.037162162162162164 0.24603174603174602
0 0.8699324324324325 0.3005952380952381 0.03265765765765766 0.24404761904761904
0 0.928490990990991 0.3194444444444444 0.03265765765765766 0.24206349206349204
0 0.11486486486486486 0.7202380952380952 0.12162162162162161 0.3492063492063492
0 0.33811936936936937 0.7132936507936507 0.1097972972972973 0.33134920634920634
5 0.44594594594594594 0.7569444444444444 0.039414414414414414 0.248015873015873
5 0.6264076576576576 0.7490079365079365 0.04786036036036036 0.22817460317460317
2 0.5368806306306306 0.7509920634920635 0.09065315315315316 0.38690476190476186
5 0.8175675675675675 0.7172619047619048 0.039414414414414414 0.2718253968253968
0 0.7255067567567568 0.7192460317460317 0.10641891891891891 0.31547619047619047
0 0.9189189189189189 0.7192460317460317 0.10810810810810811 0.2837301587301587
