3 0.133203125 0.5020833333333333 0.08671875000000001 0.03194444444444445
3 0.294140625 0.49722222222222223 0.06640625 0.022222222222222223
3 0.587109375 0.4916666666666667 0.09140625000000001 0.025
0 0.255078125 0.3854166666666667 0.03515625 0.13472222222222222
0 0.33359375 0.3840277777777778 0.035937500000000004 0.1375
0 0.44296875 0.3805555555555556 0.060937500000000006 0.13055555555555556
0 0.58515625 0.38125000000000003 0.08125 0.12916666666666668
0 0.5859375 0.14305555555555557 0.0765625 0.15555555555555556
0 0.178125 0.38958333333333334 0.035937500000000004 0.12916666666666668
0 0.102734375 0.3923611111111111 0.032031250000000004 0.13472222222222222
0 0.026171875 0.3944444444444445 0.03671875 0.13055555555555556
0 0.037500000000000006 0.15833333333333333 0.034375 0.13333333333333333
0 0.11328125 0.15833333333333333 0.0328125 0.13333333333333333
0 0.18476562500000002 0.15347222222222223 0.03359375 0.12638888888888888
0 0.261328125 0.1486111111111111 0.03359375 0.13611111111111113
0 0.33632812500000003 0.14583333333333334 0.03828125 0.13611111111111113
0 0.58515625 0.6270833333333333 0.1015625 0.19583333333333333
0 0.2890625 0.6298611111111111 0.11875000000000001 0.1875
0 0.134375 0.6243055555555556 0.10312500000000001 0.16527777777777777
0 0.4375 0.10555555555555556 0.07500000000000001 0.15833333333333333
