3 0.7289062500000001 0.56875 0.2078125 0.051388888888888894
2 0.32070312500000003 0.7298611111111112 0.27421875 0.5097222222222222
0 0.24609375 0.13819444444444445 0.08281250000000001 0.2763888888888889
0 0.380859375 0.13958333333333334 0.08515625 0.2791666666666667
0 0.546875 0.14097222222222222 0.084375 0.28194444444444444
0 0.67734375 0.13611111111111113 0.08281250000000001 0.27222222222222225
0 0.8054687500000001 0.1388888888888889 0.078125 0.2777777777777778
0 0.943359375 0.13958333333333334 0.07734375 0.2791666666666667
0 0.096875 0.12986111111111112 0.05 0.2569444444444445
0 0.019921875000000002 0.12916666666666668 0.039843750000000004 0.25833333333333336
