3 0.4685598377281947 0.4705882352941176 0.2210953346855984 0.07529411764705882
3 0.7479716024340771 0.4717647058823529 0.16328600405679514 0.039999999999999994
3 0.10091277890466531 0.46470588235294114 0.20182555780933062 0.04470588235294117
0 0.04107505070993915 0.2941176470588235 0.057809330628803245 0.24470588235294116
0 0.14959432048681542 0.28705882352941176 0.05172413793103448 0.2352941176470588
0 0.25050709939148075 0.2823529411764706 0.05070993914807302 0.22588235294117645
0 0.36004056795131845 0.2894117647058823 0.05273833671399594 0.2588235294117647
0 0.4650101419878296 0.2952941176470588 0.04969574036511156 0.25176470588235295
0 0.5760649087221095 0.28352941176470586 0.05070993914807302 0.2611764705882353
0 0.686105476673428 0.28705882352941176 0.05172413793103448 0.24941176470588233
0 0.7986815415821501 0.28470588235294114 0.061866125760649086 0.26352941176470585
0 0.9143002028397565 0.2764705882352941 0.05172413793103448 0.25176470588235295
