3 0.14313725490196078 0.5535714285714286 0.24901960784313726 0.07142857142857144
3 0.5441176470588235 0.5616883116883117 0.2019607843137255 0.048701298701298704
3 0.842156862745098 0.375 0.26666666666666666 0.07142857142857144
1 0.6465686274509804 0.5478896103896104 0.016666666666666666 0.07629870129870131
0 0.1161764705882353 0.1168831168831169 0.05392156862745098 0.14935064935064937
0 0.2372549019607843 0.12824675324675325 0.054901960784313725 0.13961038961038963
0 0.37254901960784315 0.137987012987013 0.049019607843137254 0.12987012987012989
0 0.5083333333333333 0.1387987012987013 0.05392156862745098 0.14123376623376624
0 0.6142156862745098 0.14772727272727273 0.055882352941176466 0.12012987012987014
0 0.7431372549019608 0.16233766233766234 0.050980392156862744 0.12337662337662339
0 0.8397058823529412 0.16558441558441558 0.048039215686274506 0.12987012987012989
0 0.9357843137254902 0.17451298701298704 0.048039215686274506 0.12175324675324677
0 0.1034313725490196 0.4545454545454546 0.040196078431372545 0.13636363636363638
0 0.221078431372549 0.45941558441558444 0.04215686274509804 0.13636363636363638
5 0.35245098039215683 0.7686688311688312 0.0696078431372549 0.21266233766233766
0 0.36470588235294116 0.43262987012987014 0.045098039215686274 0.16720779220779222
0 0.5004901960784314 0.4553571428571429 0.04607843137254902 0.12175324675324677
0 0.6151960784313726 0.4618506493506494 0.03823529411764706 0.12824675324675325
0 0.08284313725490196 0.7345779220779222 0.040196078431372545 0.1314935064935065
0 0.21274509803921568 0.7305194805194806 0.0392156862745098 0.13311688311688313
0 0.49950980392156863 0.7280844155844156 0.040196078431372545 0.125
0 0.6098039215686274 0.7256493506493507 0.045098039215686274 0.12987012987012989
0 0.7446078431372549 0.5698051948051949 0.05392156862745098 0.2012987012987013
0 0.8372549019607843 0.5681818181818182 0.045098039215686274 0.19155844155844157
0 0.9426470588235294 0.573051948051948 0.061764705882352944 0.18506493506493507
