3 0.3329554043839758 0.4617151607963247 0.23204837490551777 0.06891271056661562
3 0.835978835978836 0.4747320061255743 0.22826908541194257 0.07044410413476264
3 0.843915343915344 0.6830015313935682 0.07936507936507936 0.042879019908116385
3 0.7203325774754347 0.6860643185298622 0.07105064247921392 0.030627871362940276
3 0.24603174603174605 0.6883614088820827 0.044595616024187455 0.03828483920367535
3 0.3321995464852608 0.6914241960183768 0.0491307634164777 0.03522205206738132
3 0.41307634164777024 0.6845329249617151 0.04157218442932729 0.036753445635528334
0 0.14777021919879063 0.333843797856049 0.03552532123960696 0.10719754977029097
0 0.2619047619047619 0.3437978560490046 0.0400604686318972 0.12404287901990813
0 0.3420256991685563 0.3506891271056662 0.03552532123960696 0.11638591117917305
0 0.4217687074829932 0.3522205206738132 0.030234315948601664 0.11944869831546708
0 0.4981103552532124 0.3537519142419602 0.03325774754346183 0.1225114854517611
0 0.6043083900226758 0.35987748851454826 0.03250188964474679 0.10719754977029097
0 0.7048374905517762 0.35987748851454826 0.026455026455026457 0.10719754977029097
0 0.7830687830687831 0.35834609494640124 0.03476946334089191 0.11638591117917305
0 0.8586545729402872 0.35758039816232773 0.03325774754346183 0.11791730474732007
0 0.9334845049130763 0.36064318529862177 0.03476946334089191 0.11179173047473201
0 0.2509448223733938 0.5934150076569679 0.04081632653061225 0.1332312404287902
0 0.335978835978836 0.5972434915773354 0.044595616024187455 0.1225114854517611
0 0.42214663643235073 0.5865237366003063 0.04308390022675737 0.12557427258805515
5 0.4984882842025699 0.7511485451761103 0.04610733182161754 0.1546707503828484
2 0.6137566137566137 0.7090352220520674 0.11186696900982615 0.30321592649310875
1 0.5532879818594104 0.6324655436447167 0.015117157974300832 0.10719754977029097
5 0.10279667422524566 0.7396630934150077 0.052910052910052914 0.17151607963246554
0 0.11224489795918367 0.5849923430321593 0.0400604686318972 0.12557427258805515
0 0.16250944822373395 0.5957120980091883 0.03779289493575208 0.15007656967840735
0 0.26455026455026454 0.10566615620214395 0.039304610733182165 0.15007656967840735
0 0.1598639455782313 0.08422664624808576 0.037037037037037035 0.11332312404287903
0 0.9232804232804233 0.1309341500765697 0.03854875283446712 0.1424196018376723
0 0.8510959939531368 0.12787136294027565 0.03325774754346183 0.1424196018376723
0 0.7751322751322751 0.12480857580398162 0.034013605442176874 0.1424196018376723
0 0.7021919879062737 0.12174578866768761 0.03325774754346183 0.14548238897396631
0 0.6031746031746031 0.11944869831546708 0.036281179138321996 0.14701378254211334
0 0.4984882842025699 0.10566615620214395 0.030990173847316706 0.14088820826952528
0 0.42214663643235073 0.10796324655436447 0.037037037037037035 0.1546707503828484
0 0.34656084656084657 0.10107197549770292 0.0400604686318972 0.1562021439509954
0 0.716931216931217 0.613323124042879 0.037037037037037035 0.09035222052067382
0 0.7985638699924414 0.6079632465543645 0.04761904761904762 0.09800918836140889
0 0.8775510204081632 0.608728943338438 0.042328042328042326 0.08422664624808576
3 0.8424036281179138 0.6278713629402757 0.03250188964474679 0.021439509954058193
0 0.955026455026455 0.611791730474732 0.03854875283446712 0.09341500765696785
