3 0.506875 0.35673352435530087 0.9237500000000001 0.32951289398280803
5 0.26125 0.667621776504298 0.09 0.28653295128939826
0 0.474375 0.5845272206303724 0.09625 0.21203438395415472
0 0.67375 0.5959885386819485 0.0925 0.2349570200573066
0 0.88 0.5916905444126074 0.1 0.2320916905444126
0 0.8775000000000001 0.14326647564469913 0.075 0.2349570200573066
0 0.6725 0.1518624641833811 0.07 0.24068767908309455
0 0.47250000000000003 0.1461318051575931 0.065 0.22349570200573066
0 0.264375 0.11318051575931232 0.07375 0.1518624641833811
0 0.051875000000000004 0.1518624641833811 0.07625 0.2292263610315186
0 0.0475 0.5873925501432664 0.095 0.21776504297994267
