3 0.6806543385490754 0.4177215189873417 0.4310099573257468 0.13924050632911392
1 0.9630156472261736 0.5537974683544303 0.034139402560455195 0.20886075949367086
1 0.05761024182076814 0.5390295358649788 0.11522048364153628 0.23839662447257381
3 0.22617354196301565 0.6624472573839661 0.18776671408250356 0.05485232067510548
5 0.22617354196301565 0.8481012658227848 0.11379800853485064 0.2911392405063291
5 0.5256045519203414 0.7721518987341771 0.12375533428165007 0.30801687763713076
0 0.8200568990042675 0.7289029535864978 0.16642958748221906 0.32700421940928265
0 0.8193456614509247 0.2183544303797468 0.15078236130867712 0.22995780590717296
0 0.5334281650071124 0.20780590717299577 0.09957325746799431 0.22995780590717296
0 0.23755334281650073 0.2563291139240506 0.09388335704125178 0.5126582278481012
0 0.23257467994310102 0.6160337552742615 0.09246088193456616 0.13080168776371306
