3 0.142578125 0.41250000000000003 0.24453125 0.06666666666666667
3 0.467578125 0.4465277777777778 0.22265625 0.1125
3 0.7566406250000001 0.4361111111111111 0.18359375 0.06666666666666667
0 0.065234375 0.18888888888888888 0.08359375000000001 0.29444444444444445
5 0.21875 0.7826388888888889 0.06875 0.31527777777777777
0 0.22773437500000002 0.1902777777777778 0.07890625000000001 0.29444444444444445
0 0.392578125 0.2 0.07890625000000001 0.3
0 0.5535156250000001 0.21180555555555555 0.08203125 0.2986111111111111
0 0.716015625 0.21805555555555556 0.08515625 0.29444444444444445
0 0.880078125 0.22847222222222224 0.08046875 0.3013888888888889
0 0.460546875 0.6930555555555555 0.17890625000000002 0.3055555555555556
