3 0.23615160349854228 0.06998556998556998 0.15160349854227406 0.07936507936507936
3 0.0717201166180758 0.5692640692640693 0.1271137026239067 0.06782106782106782
3 0.7533527696793003 0.2510822510822511 0.20408163265306123 0.08658008658008658
2 0.23323615160349853 0.7582972582972582 0.1434402332361516 0.3477633477633478
2 0.5026239067055394 0.6154401154401155 0.1900874635568513 0.6479076479076479
0 0.7545189504373178 0.5981240981240982 0.19708454810495626 0.5440115440115441
0 0.07755102040816327 0.3528138528138528 0.045481049562682216 0.29004329004329005
0 0.06851311953352769 0.7489177489177489 0.044897959183673466 0.227994227994228
0 0.24927113702623907 0.36507936507936506 0.11253644314868805 0.31746031746031744
0 0.7463556851311953 0.09379509379509379 0.18892128279883383 0.17604617604617603
