3 0.3038033395176252 0.08023774145616641 0.3274582560296846 0.11589895988112926
3 0.5231910946196661 0.39450222882615155 0.7866419294990724 0.150074294205052
0 0.08719851576994435 0.24739970282317977 0.07235621521335807 0.20950965824665674
0 0.2537105751391466 0.2414561664190193 0.16419294990723562 0.17979197622585438
0 0.4109461966604824 0.24962852897473997 0.06679035250463822 0.1961367013372957
0 0.563543599257885 0.25037147102526003 0.06957328385899815 0.1738484398216939
0 0.7217068645640075 0.2555720653789004 0.16883116883116883 0.17533432392273401
0 0.8780148423005566 0.2674591381872214 0.07699443413729128 0.1901931649331352
0 0.25092764378478666 0.6805349182763744 0.17161410018552875 0.3447251114413076
0 0.40769944341372916 0.6797919762258543 0.07699443413729128 0.34323922734026746
0 0.08580705009276438 0.675334323922734 0.06029684601113173 0.3491827637444279
0 0.5542671614100185 0.6820208023774146 0.07699443413729128 0.35066864784546803
0 0.7119666048237477 0.6745913818722139 0.17161410018552875 0.3328380386329866
0 0.8701298701298702 0.6812778603268944 0.09090909090909091 0.3313521545319465
