3 0.09918200408997956 0.39433551198257083 0.12474437627811862 0.11328976034858389
3 0.3156100886162236 0.39542483660130723 0.12951601908657123 0.11546840958605666
3 0.6625766871165645 0.3910675381263617 0.12406271301976823 0.08932461873638345
3 0.8698023176550784 0.39433551198257083 0.18404907975460125 0.08278867102396514
1 0.556237218813906 0.5250544662309369 0.028629856850715747 0.1786492374727669
1 0.43660531697341515 0.5119825708061002 0.019768234492160874 0.12636165577342048
0 0.03885480572597137 0.24074074074074076 0.029993183367416496 0.18954248366013074
0 0.1059986366734833 0.23420479302832245 0.03885480572597137 0.1982570806100218
0 0.17586912065439675 0.23311546840958608 0.0354464894342195 0.20043572984749458
0 0.25426039536468986 0.2450980392156863 0.03953646898432175 0.18954248366013074
0 0.3265167007498296 0.2320261437908497 0.0354464894342195 0.2069716775599129
0 0.40422631220177235 0.23529411764705885 0.032719836400818 0.2178649237472767
0 0.5040899795501023 0.19716775599128541 0.04703476482617587 0.23747276688453162
0 0.5845262440354465 0.23420479302832245 0.03612815269256987 0.22004357298474947
0 0.6584867075664622 0.23638344226579522 0.038173142467621 0.224400871459695
0 0.7304021813224267 0.24183006535947715 0.02794819359236537 0.19607843137254904
0 0.8029993183367417 0.2461873638344227 0.03953646898432175 0.22657952069716777
0 0.8663940013633266 0.24074074074074076 0.03408316291751875 0.19389978213507628
0 0.9301295160190866 0.24183006535947715 0.03067484662576687 0.19607843137254904
0 0.9468302658486708 0.6546840958605665 0.049079754601226995 0.27668845315904145
0 0.8827539195637355 0.6535947712418301 0.043626448534423996 0.27450980392156865
0 0.812542603953647 0.6459694989106755 0.043626448534423996 0.2723311546840959
0 0.7426721199727335 0.6535947712418301 0.04976141785957737 0.30065359477124187
2 0.49829584185412407 0.7145969498910676 0.10497614178595774 0.44008714596949894
5 0.4004771642808453 0.6993464052287582 0.04158145875937287 0.23529411764705885
0 0.3231083844580777 0.6623093681917211 0.03953646898432175 0.32244008714596956
0 0.24437627811860943 0.6503267973856209 0.04703476482617587 0.3159041394335512
0 0.1687116564417178 0.6623093681917211 0.04158145875937287 0.3050108932461874
0 0.09202453987730062 0.6525054466230937 0.04226312201772325 0.3028322440087146
