3 0.4418248622167789 0.5898760330578513 0.10471524800979792 0.07231404958677687
3 0.6598285364360074 0.6105371900826446 0.09491733006736068 0.05991735537190083
3 0.9372320881812615 0.6291322314049587 0.07777097366809553 0.05165289256198347
3 0.16380894060012247 0.5826446280991736 0.2271892222902633 0.06611570247933884
1 0.34843845682792407 0.5888429752066116 0.029393753827311696 0.14462809917355374
1 0.5939987752602572 0.5867768595041323 0.02204531537048377 0.16115702479338845
0 0.07868952847519903 0.37913223140495866 0.03490508266993264 0.21694214876033058
0 0.17421922841396204 0.3894628099173554 0.039804041641151255 0.1921487603305785
0 0.26515615431720757 0.39359504132231404 0.034292712798530314 0.20041322314049587
0 0.35456215554194737 0.3915289256198347 0.028169014084507043 0.18801652892561985
0 0.4387630128597673 0.39669421487603307 0.03368034292712799 0.19421487603305787
0 0.5287813839559093 0.4163223140495868 0.10349050826699327 0.1590909090909091
0 0.6181873851806491 0.41115702479338845 0.03368034292712799 0.2024793388429752
0 0.6999387630128597 0.4049586776859504 0.03551745254133497 0.17768595041322316
0 0.7813839559093693 0.4121900826446281 0.03184323331292101 0.20041322314049587
0 0.8634415186772811 0.4090909090909091 0.03184323331292101 0.1859504132231405
0 0.9390691977954685 0.4152892561983471 0.027556644213104716 0.18181818181818182
0 0.6990202082057563 0.765495867768595 0.032455603184323334 0.1756198347107438
0 0.7856705450091855 0.765495867768595 0.03306797305572566 0.18801652892561985
0 0.6221677893447642 0.7706611570247934 0.034292712798530314 0.19008264462809918
5 0.4357011635027557 0.7944214876033058 0.04470300061236987 0.25
0 0.3518064911206369 0.7737603305785125 0.036129822412737295 0.1962809917355372
0 0.2617881200244948 0.7747933884297521 0.032455603184323334 0.2066115702479339
0 0.1696264543784446 0.7758264462809917 0.03674219228413962 0.20867768595041322
