0 0.16895803183791605 0.2637795275590551 0.05137481910274964 0.21784776902887137
0 0.33212735166425467 0.2664041994750656 0.05643994211287988 0.2230971128608924
0 0.48806078147612153 0.27165354330708663 0.06150506512301013 0.21784776902887137
0 0.6468885672937771 0.27165354330708663 0.05788712011577424 0.2152230971128609
0 0.7981186685962373 0.27624671916010496 0.05933429811866859 0.21128608923884515
0 0.9670767004341533 0.2664041994750656 0.06439942112879883 0.2204724409448819
0 0.6635311143270621 0.7119422572178478 0.07670043415340086 0.2559055118110236
0 0.48806078147612153 0.7198162729658792 0.06584659913169319 0.24803149606299213
0 0.31946454413892905 0.7217847769028871 0.05861070911722142 0.2440944881889764
0 0.14616497829232994 0.7250656167979003 0.06801736613603472 0.2559055118110236
5 0.8418958031837915 0.8379265091863517 0.08176555716353111 0.2952755905511811
3 0.3838639652677279 0.4435695538057743 0.5926193921852387 0.06299212598425197
