3 0.6893939393939394 0.09133858267716535 0.39204545454545453 0.11653543307086614
3 0.09848484848484848 0.48661417322834644 0.13636363636363635 0.08188976377952756
3 0.3366477272727273 0.4826771653543307 0.1903409090909091 0.06771653543307087
3 0.7926136363636364 0.48503937007874015 0.20643939393939395 0.08503937007874016
0 0.1259469696969697 0.28818897637795277 0.07954545454545454 0.25511811023622044
0 0.3153409090909091 0.27874015748031494 0.08143939393939394 0.24251968503937008
0 0.5033143939393939 0.284251968503937 0.08806818181818182 0.25354330708661416
0 0.6955492424242424 0.2874015748031496 0.08806818181818182 0.23464566929133857
0 0.8806818181818182 0.29448818897637796 0.0946969696969697 0.23622047244094488
5 0.11174242424242424 0.7078740157480314 0.08522727272727273 0.2377952755905512
0 0.3125 0.695275590551181 0.08522727272727273 0.2188976377952756
0 0.5 0.7070866141732284 0.09659090909090909 0.23622047244094488
5 0.7012310606060607 0.6960629921259842 0.10132575757575758 0.23937007874015748
5 0.8839962121212122 0.694488188976378 0.10321969696969698 0.22992125984251968
