3 0.3392484342379958 0.09297052154195011 0.23382045929018785 0.09523809523809525
3 0.6706680584551148 0.10657596371882086 0.1638830897703549 0.06802721088435375
3 0.6336116910229644 0.5555555555555556 0.11691022964509393 0.09977324263038549
3 0.8710855949895615 0.546485260770975 0.13048016701461376 0.09070294784580499
3 0.38256784968684754 0.54421768707483 0.1450939457202505 0.07709750566893424
3 0.13674321503131523 0.5555555555555556 0.17954070981210854 0.07709750566893424
1 0.7160751565762004 0.562358276643991 0.025052192066805843 0.10430839002267574
0 0.10490605427974947 0.34807256235827666 0.04279749478079332 0.2108843537414966
0 0.17693110647181626 0.35147392290249435 0.03653444676409186 0.20408163265306123
0 0.272964509394572 0.34920634920634924 0.038622129436325675 0.20861678004535147
0 0.3575156576200417 0.34920634920634924 0.03653444676409186 0.19501133786848074
0 0.4342379958246346 0.35600907029478457 0.04175365344467641 0.19954648526077098
0 0.5167014613778705 0.34920634920634924 0.037578288100208766 0.19954648526077098
0 0.5960334029227556 0.35600907029478457 0.04175365344467641 0.20861678004535147
0 0.674321503131524 0.35374149659863946 0.039665970772442584 0.217687074829932
0 0.7531315240083507 0.3616780045351474 0.044885177453027135 0.2199546485260771
0 0.8402922755741127 0.36054421768707484 0.037578288100208766 0.19501133786848074
0 0.9055323590814195 0.35487528344671204 0.038622129436325675 0.2018140589569161
0 0.8710855949895615 0.7222222222222222 0.11377870563674321 0.2199546485260771
0 0.6320459290187891 0.7335600907029479 0.11586638830897703 0.2108843537414966
0 0.3935281837160751 0.7335600907029479 0.12943632567849686 0.2018140589569161
5 0.3590814196242171 0.7596371882086168 0.056367432150313146 0.24489795918367346
5 0.2541753653444676 0.7482993197278912 0.05323590814196242 0.2630385487528345
5 0.5120041753653444 0.746031746031746 0.051148225469728595 0.23129251700680273
5 0.7531315240083507 0.7414965986394558 0.04697286012526095 0.2585034013605442
