3 0.5784235668789809 0.5121739130434783 0.5628980891719746 0.0817391304347826
1 0.8960987261146497 0.22608695652173913 0.08359872611464969 0.3617391304347826
3 0.0855891719745223 0.48782608695652174 0.10589171974522293 0.05739130434782609
0 0.10867834394904459 0.3269565217391304 0.03901273885350319 0.19478260869565217
0 0.205015923566879 0.32 0.0517515923566879 0.1982608695652174
0 0.30971337579617836 0.32782608695652177 0.04936305732484077 0.22434782608695653
0 0.41878980891719747 0.3226086956521739 0.04777070063694268 0.22086956521739132
0 0.5410031847133758 0.3139130434782609 0.05652866242038217 0.20695652173913046
0 0.6727707006369427 0.3173913043478261 0.06528662420382166 0.22434782608695653
0 0.820859872611465 0.3026086956521739 0.06050955414012739 0.23304347826086957
0 0.6906847133757962 0.6730434782608696 0.10270700636942676 0.24000000000000002
0 0.42117834394904463 0.682608695652174 0.089171974522293 0.24521739130434783
0 0.8479299363057325 0.6791304347826087 0.10987261146496816 0.26608695652173914
0 0.19068471337579618 0.6756521739130436 0.07722929936305734 0.22782608695652173
5 0.08439490445859874 0.6973913043478261 0.06687898089171974 0.22956521739130437
