0 0.0842741935483871 0.2449725776965265 0.07338709677419354 0.27787934186471663
0 0.2540322580645161 0.2449725776965265 0.06935483870967742 0.2851919561243144
0 0.4205645161290323 0.24862888482632542 0.07016129032258064 0.27787934186471663
0 0.5846774193548387 0.253199268738574 0.07096774193548387 0.2760511882998172
0 0.7407258064516129 0.2577696526508227 0.06532258064516129 0.2742230347349177
0 0.9044354838709677 0.25502742230347347 0.06854838709677419 0.27239488117001825
0 0.5850806451612903 0.7669104204753199 0.06854838709677419 0.170018281535649
0 0.7483870967741936 0.7751371115173674 0.06774193548387097 0.17915904936014626
0 0.9108870967741935 0.7669104204753199 0.06693548387096775 0.1773308957952468
0 0.06935483870967742 0.7751371115173674 0.06612903225806452 0.17915904936014626
0 0.24314516129032257 0.7687385740402194 0.0717741935483871 0.1846435100548446
5 0.4165322580645161 0.8254113345521024 0.06693548387096775 0.3053016453382084
3 0.15766129032258064 0.489945155393053 0.10564516129032259 0.07678244972577697
3 0.6633064516129032 0.49817184643510054 0.10887096774193548 0.07495429616087751
3 0.9153225806451613 0.4990859232175503 0.07096774193548387 0.08409506398537477
