3 0.7061224489795918 0.5303030303030303 0.5333333333333333 0.1447811447811448
4 0.12040816326530611 0.781986531986532 0.1292517006802721 0.1734006734006734
4 0.49251700680272104 0.7786195286195285 0.04353741496598639 0.1632996632996633
4 0.592517006802721 0.7777777777777778 0.12653061224489795 0.16498316498316498
4 0.6843537414965986 0.7861952861952861 0.04353741496598639 0.15824915824915825
4 0.8843537414965986 0.781986531986532 0.08435374149659863 0.1632996632996633
0 0.11972789115646258 0.27525252525252525 0.09251700680272108 0.20033670033670034
0 0.31360544217687075 0.2727272727272727 0.08843537414965985 0.19865319865319864
0 0.5006802721088435 0.2769360269360269 0.08435374149659863 0.18686868686868685
0 0.6897959183673469 0.2769360269360269 0.08435374149659863 0.19696969696969696
0 0.8741496598639455 0.27946127946127947 0.091156462585034 0.17508417508417506
0 0.1183673469387755 0.7491582491582491 0.15238095238095237 0.2727272727272727
0 0.5870748299319728 0.7474747474747474 0.2571428571428571 0.2558922558922559
0 0.8857142857142857 0.7845117845117845 0.09251700680272108 0.20875420875420875
