3 0.21252882398155265 0.4638009049773756 0.3466564181398924 0.11312217194570136
1 0.7851652574942352 0.45098039215686275 0.08378170637970792 0.1598793363499246
2 0.8704842428900845 0.7526395173453997 0.212913143735588 0.3891402714932127
5 0.19446579554189086 0.7526395173453997 0.1491160645657187 0.358974358974359
0 0.08070714834742505 0.19758672699849172 0.07071483474250577 0.277526395173454
0 0.2275172943889316 0.19984917043740574 0.06917755572636433 0.27300150829562597
0 0.3647194465795542 0.20437405731523378 0.06840891621829362 0.26395173453996984
0 0.5030745580322828 0.20512820512820515 0.0668716372021522 0.2594268476621418
0 0.6372021521906226 0.21116138763197587 0.061491160645657184 0.2594268476621418
0 0.7970791698693312 0.21568627450980393 0.061491160645657184 0.25339366515837103
0 0.9131437355880092 0.21266968325791857 0.05995388162951576 0.2714932126696833
0 0.0730207532667179 0.7081447963800905 0.08608762490392007 0.25490196078431376
0 0.36587240584166025 0.7066365007541479 0.07993850883935434 0.25490196078431376
