3 0.27328556806550663 0.3057184750733138 0.39508700102354144 0.08944281524926687
1 0.906345957011259 0.5571847507331378 0.11770726714431935 0.12023460410557185
0 0.06345957011258956 0.1598240469208211 0.07164790174002048 0.20234604105571846
0 0.2062436028659161 0.16348973607038123 0.062436028659160696 0.19208211143695014
0 0.34544524053224157 0.156158357771261 0.06857727737973388 0.20674486803519063
0 0.4872057318321392 0.1598240469208211 0.06960081883316274 0.20821114369501467
0 0.6253838280450358 0.1656891495601173 0.0593654042988741 0.1935483870967742
0 0.7630501535312181 0.16642228739002932 0.06653019447287616 0.20087976539589442
0 0.9564994882292733 0.16862170087976538 0.062436028659160696 0.18181818181818182
0 0.0593654042988741 0.6136363636363636 0.08597748208802457 0.20674486803519063
0 0.2031729785056295 0.6224340175953079 0.08700102354145343 0.20381231671554254
0 0.34186284544524054 0.6209677419354839 0.0880245649948823 0.19208211143695014
0 0.4902763561924258 0.6187683284457478 0.0880245649948823 0.19648093841642228
0 0.6284544524053224 0.6077712609970675 0.07983623336745138 0.19501466275659823
0 0.7727737973387923 0.6048387096774194 0.07778915046059366 0.1774193548387097
