3 0.24070631970260223 0.4433551198257081 0.2459727385377943 0.054466230936819175
3 0.48451053283767037 0.4428104575163399 0.06939281288723669 0.04684095860566449
3 0.6530359355638166 0.44825708061002184 0.13878562577447337 0.06427015250544663
3 0.8271375464684015 0.45315904139433555 0.06567534076827757 0.054466230936819175
3 0.6796778190830236 0.11982570806100219 0.18835192069392814 0.054466230936819175
0 0.1892812887236679 0.6056644880174292 0.0687732342007435 0.2069716775599129
5 0.0442998760842627 0.5816993464052288 0.0687732342007435 0.2984749455337691
0 0.1781288723667906 0.26089324618736387 0.07372986369268897 0.23638344226579522
5 0.3228004956629492 0.6230936819172114 0.07063197026022305 0.23747276688453162
0 0.31753407682775714 0.2657952069716776 0.07496902106567534 0.22222222222222224
0 0.48605947955390333 0.2647058823529412 0.06753407682775713 0.23311546840958608
0 0.6090458488228006 0.2712418300653595 0.06691449814126395 0.22657952069716777
0 0.84727385377943 0.28159041394335516 0.06009913258983891 0.23420479302832245
0 0.4770755885997522 0.6072984749455338 0.06691449814126395 0.20152505446623095
0 0.6025402726146221 0.6045751633986929 0.06753407682775713 0.18954248366013074
0 0.7190210656753407 0.6089324618736384 0.06257744733581165 0.1917211328976035
