1 0.34262295081967215 0.4191564147627416 0.04480874316939891 0.3532513181019332
3 0.594535519125683 0.5746924428822495 0.14863387978142076 0.07029876977152899
1 0.7103825136612022 0.5746924428822495 0.05245901639344262 0.0984182776801406
0 0.06393442622950819 0.3119507908611599 0.07759562841530054 0.27240773286467485
2 0.23989071038251367 0.7785588752196836 0.1825136612021858 0.3093145869947276
5 0.4202185792349727 0.7715289982425307 0.09289617486338798 0.312829525483304
0 0.5934426229508196 0.7293497363796133 0.08306010928961749 0.24956063268892792
5 0.7628415300546448 0.7478031634446397 0.06775956284153005 0.2829525483304042
0 0.9174863387978142 0.7214411247803163 0.07103825136612021 0.2056239015817223
5 0.05136612021857923 0.8066783831282952 0.09180327868852459 0.2530755711775044
0 0.2442622950819672 0.30755711775043937 0.07978142076502732 0.26713532513181015
0 0.580327868852459 0.312829525483304 0.08087431693989071 0.27768014059753954
0 0.42240437158469946 0.3119507908611599 0.08415300546448087 0.2829525483304042
0 0.7448087431693989 0.3110720562390158 0.07540983606557378 0.27065026362038663
0 0.905464480874317 0.3163444639718805 0.06666666666666667 0.26362038664323373
