1 0.9131274131274131 0.2195945945945946 0.09652509652509653 0.27702702702702703
1 0.9066924066924067 0.42567567567567566 0.09137709137709138 0.14414414414414414
0 0.12162162162162161 0.36936936936936937 0.06563706563706563 0.2882882882882883
1 0.02574002574002574 0.36486486486486486 0.05148005148005148 0.13513513513513514
0 0.27606177606177607 0.3704954954954955 0.07593307593307592 0.28603603603603606
0 0.42599742599742596 0.37274774774774777 0.07207207207207207 0.2635135135135135
0 0.6087516087516087 0.38175675675675674 0.06435006435006435 0.28153153153153154
0 0.7419562419562419 0.37274774774774777 0.06306306306306306 0.268018018018018
5 0.953024453024453 0.6666666666666666 0.08108108108108107 0.3018018018018018
5 0.11647361647361647 0.6914414414414415 0.07593307593307592 0.25225225225225223
5 0.2734877734877735 0.7443693693693694 0.06563706563706563 0.240990990990991
0 0.7451737451737451 0.7308558558558559 0.06692406692406692 0.21846846846846846
0 0.6048906048906049 0.7252252252252253 0.08236808236808237 0.22522522522522523
0 0.42985842985842987 0.7083333333333334 0.07722007722007722 0.18693693693693694
