3 0.46195652173913043 0.3922413793103448 0.4152173913043478 0.11206896551724138
3 0.4717391304347826 0.15732758620689655 0.4652173913043478 0.1910919540229885
1 0.9092391304347827 0.15804597701149425 0.0923913043478261 0.2614942528735632
1 0.7244565217391304 0.16235632183908047 0.05543478260869565 0.2557471264367816
1 0.21141304347826087 0.14870689655172414 0.05543478260869565 0.2744252873563218
1 0.9597826086956522 0.6099137931034483 0.0782608695652174 0.125
0 0.13967391304347826 0.20689655172413793 0.07282608695652174 0.1752873563218391
0 0.7929347826086957 0.21048850574712644 0.08804347826086957 0.17959770114942528
0 0.6478260869565218 0.6379310344827586 0.10217391304347827 0.3390804597701149
0 0.8293478260869566 0.6379310344827586 0.10869565217391304 0.3390804597701149
0 0.296195652173913 0.6443965517241379 0.09891304347826087 0.34626436781609193
0 0.11793478260869565 0.639367816091954 0.10760869565217392 0.3390804597701149
5 0.46304347826086956 0.7227011494252873 0.10434782608695653 0.25287356321839083
0 0.4625 0.5395114942528736 0.10543478260869565 0.10775862068965517
