3 0.38710937500000003 0.48194444444444445 0.28203125 0.03888888888888889
3 0.31367187500000004 0.8250000000000001 0.11015625000000001 0.03333333333333333
3 0.6390625000000001 0.820138888888889 0.1171875 0.0375
0 0.31757812500000004 0.21180555555555555 0.07734375 0.24861111111111112
0 0.47695312500000003 0.21180555555555555 0.07734375 0.2513888888888889
0 0.6359375 0.20625000000000002 0.08281250000000001 0.24583333333333335
0 0.7933593750000001 0.21041666666666667 0.08046875 0.25416666666666665
0 0.9515625000000001 0.20277777777777778 0.084375 0.2638888888888889
0 0.15703125 0.21319444444444446 0.0703125 0.24583333333333335
0 0.315234375 0.6659722222222223 0.07734375 0.28194444444444444
0 0.47734375 0.6687500000000001 0.078125 0.2763888888888889
0 0.6359375 0.6638888888888889 0.0734375 0.2611111111111111
0 0.8015625000000001 0.6611111111111111 0.06875 0.2555555555555556
