3 0.199203187250996 0.4485842026825633 0.2788844621513944 0.17585692995529062
3 0.43492695883134125 0.4314456035767511 0.0743691899070385 0.18330849478390462
3 0.6520584329349269 0.4582712369597616 0.2895086321381142 0.14456035767511177
0 0.10292164674634793 0.19001490312965721 0.05179282868525896 0.22503725782414308
0 0.2191235059760956 0.19523099850968703 0.05843293492695883 0.21758569299552907
5 0.3147410358565737 0.7563338301043219 0.057104913678618856 0.368107302533532
0 0.33067729083665337 0.20715350223546944 0.057104913678618856 0.22056631892697467
0 0.43924302788844616 0.21535022354694486 0.060424966799468786 0.20119225037257824
0 0.5408366533864541 0.21385991058122206 0.060424966799468786 0.21013412816691504
0 0.6424302788844621 0.22503725782414308 0.059096945551128814 0.19374068554396423
0 0.743027888446215 0.22950819672131148 0.05179282868525896 0.20268256333830104
0 0.8406374501992031 0.23323397913561847 0.0650730411686587 0.20417287630402384
0 0.9332669322709163 0.2406855439642325 0.051128818061088974 0.18032786885245902
0 0.06640106241699867 0.6959761549925484 0.0650730411686587 0.27421758569299554
0 0.19256308100929614 0.7049180327868853 0.0650730411686587 0.28614008941877794
0 0.4282868525896414 0.7049180327868853 0.06374501992031872 0.27123695976154993
0 0.6434262948207171 0.6952309985096871 0.0597609561752988 0.2548435171385991
0 0.749667994687915 0.7004470938897168 0.0597609561752988 0.2563338301043219
0 0.8505976095617529 0.6974664679582713 0.05843293492695883 0.2473919523099851
0 0.9551792828685258 0.7011922503725783 0.06440903054448871 0.2518628912071535
