3 0.2799251870324189 0.3711256117455139 0.21820448877805484 0.037520391517128875
3 0.8709476309226932 0.34176182707993474 0.18329177057356608 0.0701468189233279
3 0.8753117206982544 0.6141924959216966 0.22194513715710723 0.09298531810766722
3 0.3547381546134663 0.6207177814029364 0.3553615960099751 0.09624796084828711
0 0.13403990024937656 0.1769983686786297 0.07107231920199501 0.17781402936378468
0 0.26932668329177056 0.17536704730831976 0.06982543640897755 0.17781402936378468
0 0.4083541147132169 0.17210440456769985 0.07605985037406483 0.16476345840130507
0 0.5473815461346633 0.17536704730831976 0.08229426433915212 0.17128874388254486
0 0.7518703241895262 0.1533442088091354 0.08478802992518703 0.17944535073409462
0 0.9039900249376558 0.14845024469820556 0.0798004987531172 0.18597063621533444
0 0.13403990024937656 0.48287112561174556 0.0885286783042394 0.17292006525285483
0 0.27618453865336656 0.48368678629690054 0.09102244389027431 0.17781402936378468
0 0.4233167082294264 0.4812398042414356 0.09102244389027431 0.18597063621533444
0 0.571072319201995 0.48205546492659057 0.10473815461346633 0.18760195758564438
0 0.7923940149625935 0.4771615008156607 0.10349127182044887 0.1941272430668842
0 0.947007481296758 0.46900489396411094 0.10349127182044887 0.18433931484502447
5 0.5835411471321695 0.7455138662316476 0.09725685785536159 0.1533442088091354
0 0.9600997506234413 0.7748776508972268 0.0773067331670823 0.20228384991843393
0 0.42643391521197005 0.7047308319738989 0.08728179551122195 0.06851549755301795
