3 0.5916089299461124 0.4593908629441624 0.5765973826020016 0.08967851099830795
3 0.08583525789068513 0.4686971235194585 0.11162432640492687 0.05414551607445008
0 0.07313317936874518 0.23857868020304568 0.06004618937644341 0.27411167512690354
0 0.28175519630484985 0.23857868020304568 0.09699769053117782 0.27411167512690354
0 0.47767513471901457 0.23011844331641285 0.10392609699769052 0.27411167512690354
0 0.6728252501924556 0.21996615905245345 0.10623556581986142 0.2910321489001692
0 0.9187836797536566 0.20473773265651438 0.08698999230177058 0.3079526226734349
0 0.9268668206312548 0.6835871404399323 0.08314087759815242 0.260575296108291
5 0.6712856043110085 0.7115059221658206 0.10777521170130869 0.3197969543147208
5 0.27136258660508084 0.7047377326565144 0.0962278675904542 0.3130287648054145
0 0.4738260200153964 0.6802030456852791 0.09930715935334872 0.24365482233502536
0 0.06274056966897613 0.6759729272419628 0.07005388760585066 0.24534686971235195
