3 0.48232848232848236 0.3844036697247707 0.17463617463617465 0.07522935779816514
3 0.7957380457380457 0.3779816513761468 0.2234927234927235 0.08440366972477065
3 0.09771309771309772 0.44128440366972477 0.12058212058212059 0.07889908256880734
1 0.37474012474012475 0.37889908256880733 0.028066528066528068 0.09357798165137615
0 0.1075883575883576 0.2724770642201835 0.06548856548856549 0.2036697247706422
0 0.2593555093555094 0.27339449541284405 0.061330561330561334 0.20917431192660552
0 0.47453222453222454 0.1614678899082569 0.06548856548856549 0.20550458715596331
0 0.6252598752598753 0.16788990825688074 0.06964656964656965 0.21100917431192662
0 0.7754677754677755 0.163302752293578 0.07068607068607069 0.21284403669724772
0 0.9235966735966736 0.15871559633027524 0.08004158004158005 0.21467889908256882
0 0.6366943866943867 0.6000000000000001 0.08212058212058213 0.24587155963302754
5 0.7926195426195427 0.6733944954128441 0.07796257796257797 0.24954128440366974
5 0.48232848232848236 0.663302752293578 0.08108108108108109 0.25137614678899084
5 0.08991683991683992 0.7229357798165138 0.07588357588357589 0.24954128440366974
0 0.24740124740124741 0.6935779816513762 0.07692307692307693 0.15045871559633028
0 0.945945945945946 0.634862385321101 0.08523908523908524 0.1908256880733945
