3 0.39683631361760663 0.5442708333333333 0.7303988995873453 0.10590277777777778
0 0.16024759284731774 0.265625 0.11141678129298486 0.2048611111111111
0 0.40646492434663 0.2690972222222222 0.10041265474552957 0.20138888888888887
0 0.6416781292984869 0.2734375 0.10591471801925723 0.19270833333333331
0 0.8679504814305364 0.2734375 0.09903713892709766 0.19270833333333331
0 0.8679504814305364 0.7109375 0.1155433287482806 0.1892361111111111
1 0.9697386519944979 0.3220486111111111 0.04126547455295736 0.29340277777777773
0 0.14442916093535077 0.7109375 0.1155433287482806 0.18229166666666666
0 0.38995873452544705 0.7065972222222222 0.11966987620357634 0.1909722222222222
5 0.6279229711141678 0.759548611111111 0.10591471801925723 0.29340277777777773
