3 0.6038647342995169 0.4664310954063604 0.3743961352657005 0.09187279151943463
0 0.09601449275362318 0.20053003533568906 0.09541062801932366 0.26325088339222613
0 0.302536231884058 0.20053003533568906 0.09057971014492754 0.28091872791519434
0 0.5030193236714976 0.196113074204947 0.0857487922705314 0.2756183745583039
0 0.716183574879227 0.20318021201413428 0.09420289855072464 0.2791519434628975
0 0.913647342995169 0.2058303886925795 0.08816425120772946 0.28091872791519434
0 0.09541062801932366 0.6952296819787985 0.12801932367149757 0.2314487632508834
0 0.29891304347826086 0.696113074204947 0.12439613526570048 0.2226148409893993
0 0.5018115942028986 0.6925795053003534 0.11714975845410627 0.22614840989399293
0 0.7089371980676328 0.6943462897526501 0.12560386473429952 0.21201413427561838
0 0.9154589371980676 0.7014134275618374 0.12318840579710144 0.22614840989399293
