3 0.10251954821894005 0.41102941176470587 0.2050390964378801 0.10735294117647058
1 0.39400521285838397 0.5272058823529412 0.05647263249348392 0.14852941176470588
1 0.6746307558644656 0.5257352941176471 0.049522154648132054 0.18676470588235294
3 0.9248479582971328 0.44779411764705884 0.11381407471763683 0.08088235294117647
0 0.07602085143353605 0.15661764705882353 0.05473501303214596 0.21911764705882353
0 0.1785403996524761 0.15514705882352942 0.05299739357080799 0.225
0 0.32797567332754124 0.16176470588235295 0.09122502172024326 0.20588235294117646
0 0.4808861859252823 0.1764705882352941 0.07211120764552563 0.21176470588235294
0 0.5881841876629018 0.18308823529411763 0.06602953953084274 0.20441176470588235
0 0.7328410078192875 0.18088235294117647 0.0738488271068636 0.2088235294117647
0 0.8662033014769764 0.19264705882352942 0.04517810599478714 0.20294117647058824
0 0.9522154648132058 0.2 0.043440486533449174 0.2088235294117647
0 0.11468288444830581 0.675 0.158123370981755 0.17058823529411765
0 0.9192006950477845 0.6227941176470588 0.11989574283231971 0.23088235294117646
2 0.5291051259774109 0.700735294117647 0.1737619461337967 0.4073529411764706
5 0.7410947002606428 0.7242647058823529 0.07645525629887054 0.2985294117647059
5 0.3205907906168549 0.7227941176470588 0.08861859252823631 0.2838235294117647
