3 0.2615440115440115 0.6530303030303031 0.18253968253968253 0.03939393939393939
3 0.5263347763347763 0.6643939393939394 0.2417027417027417 0.05606060606060606
3 0.7734487734487735 0.6628787878787878 0.18037518037518038 0.05909090909090909
0 0.12987012987012986 0.5393939393939394 0.05194805194805195 0.17272727272727273
0 0.2334054834054834 0.5424242424242425 0.048340548340548344 0.1787878787878788
0 0.3336940836940837 0.543939393939394 0.03823953823953824 0.17575757575757575
0 0.4246031746031746 0.546969696969697 0.03968253968253968 0.1787878787878788
0 0.5180375180375181 0.5454545454545454 0.03751803751803752 0.17272727272727273
0 0.6107503607503607 0.5477272727272727 0.045454545454545456 0.17727272727272728
0 0.6991341991341992 0.55 0.04184704184704185 0.16666666666666666
0 0.7867965367965368 0.556060606060606 0.056998556998557 0.15454545454545454
0 0.876984126984127 0.5553030303030303 0.049783549783549784 0.1621212121212121
0 0.84992784992785 0.3007575757575758 0.05194805194805195 0.16818181818181818
0 0.7615440115440115 0.29393939393939394 0.045454545454545456 0.16363636363636364
0 0.6789321789321789 0.2871212121212121 0.044733044733044736 0.1712121212121212
0 0.5966810966810967 0.28863636363636364 0.04184704184704185 0.1590909090909091
0 0.5115440115440115 0.2856060606060606 0.03607503607503607 0.15606060606060607
0 0.42207792207792205 0.27575757575757576 0.031746031746031744 0.1696969696969697
0 0.338023088023088 0.2787878787878788 0.0367965367965368 0.1606060606060606
0 0.24314574314574314 0.278030303030303 0.044733044733044736 0.1590909090909091
0 0.14682539682539683 0.27424242424242423 0.04401154401154401 0.17272727272727273
