3 0.18869426751592358 0.47310924369747903 0.3710191082802548 0.1092436974789916
1 0.5334394904458599 0.3722689075630252 0.03184713375796178 0.146218487394958
3 0.685907643312102 0.4873949579831933 0.20621019108280256 0.07394957983193277
3 0.8658439490445861 0.49831932773109244 0.12022292993630573 0.08907563025210084
0 0.07165605095541401 0.2815126050420168 0.05573248407643312 0.19327731092436976
0 0.20302547770700638 0.27563025210084036 0.054140127388535034 0.17142857142857143
0 0.33638535031847133 0.2915966386554622 0.05334394904458599 0.15630252100840336
0 0.47014331210191085 0.29747899159663865 0.05652866242038217 0.16806722689075632
0 0.6042993630573249 0.29831932773109243 0.054140127388535034 0.16638655462184876
0 0.7412420382165605 0.30336134453781516 0.06050955414012739 0.16302521008403362
0 0.8781847133757962 0.31176470588235294 0.05573248407643312 0.16302521008403362
0 0.059713375796178345 0.6957983193277312 0.07165605095541401 0.20168067226890757
0 0.19585987261146498 0.704201680672269 0.07484076433121019 0.20168067226890757
0 0.3312101910828026 0.704201680672269 0.07643312101910829 0.2184873949579832
5 0.4689490445859873 0.7445378151260504 0.0732484076433121 0.23865546218487396
0 0.6050955414012739 0.7327731092436975 0.0732484076433121 0.20168067226890757
0 0.75 0.7302521008403362 0.07484076433121019 0.19327731092436976
0 0.8881369426751593 0.7361344537815127 0.08041401273885351 0.19831932773109245
