3 0.19384057971014493 0.5760697305863709 0.10024154589371981 0.08082408874801902
3 0.31431159420289856 0.5744849445324881 0.09359903381642512 0.07448494453248812
3 0.42330917874396135 0.5784469096671949 0.0929951690821256 0.06973058637083994
3 0.6056763285024155 0.6038034865293186 0.06884057971014493 0.04120443740095087
3 0.7771739130434783 0.5903328050713154 0.041062801932367145 0.06497622820919176
3 0.9233091787439613 0.5942947702060222 0.04589371980676328 0.05388272583201268
0 0.12530193236714976 0.3866877971473851 0.029589371980676328 0.1648177496038035
0 0.20169082125603863 0.39619651347068147 0.033816425120772944 0.1901743264659271
0 0.2717391304347826 0.3890649762282092 0.03502415458937198 0.17274167987321712
0 0.34088164251207725 0.3977812995245642 0.03804347826086956 0.17432646592709986
0 0.4236111111111111 0.39698890649762286 0.03683574879227053 0.16323296354992076
0 0.5123792270531401 0.40253565768621236 0.03321256038647343 0.16798732171156894
0 0.5972222222222222 0.40649762282091917 0.030193236714975844 0.16640253565768623
0 0.686292270531401 0.40966719492868464 0.03079710144927536 0.1473851030110935
0 0.7653985507246377 0.41362916006339145 0.029589371980676328 0.1648177496038035
0 0.8381642512077294 0.42393026941362916 0.03140096618357488 0.16323296354992076
0 0.8976449275362318 0.42472266244057055 0.028381642512077292 0.1711568938193344
0 0.9628623188405797 0.42789223454833597 0.035628019323671496 0.16164817749603805
5 0.6998792270531401 0.740095087163233 0.06884057971014493 0.3011093502377179
5 0.10144927536231883 0.7559429477020603 0.05434782608695652 0.27258320126782887
5 0.5172101449275363 0.7448494453248812 0.06340579710144927 0.30427892234548337
0 0.1859903381642512 0.7258320126782885 0.036231884057971016 0.22187004754358164
0 0.2593599033816425 0.7274167987321711 0.041666666666666664 0.23137876386687797
0 0.3366545893719807 0.7234548335974643 0.034420289855072464 0.21711568938193346
0 0.13677536231884058 0.08003169572107766 0.041666666666666664 0.1600633914421553
0 0.2077294685990338 0.07844690966719493 0.042270531400966184 0.15689381933438987
0 0.27989130434782605 0.08003169572107766 0.03321256038647343 0.1600633914421553
0 0.34782608695652173 0.08478605388272584 0.033816425120772944 0.16957210776545167
0 0.4314613526570048 0.08478605388272584 0.03804347826086956 0.16957210776545167
0 0.8278985507246377 0.12995245641838352 0.020531400966183572 0.15847860538827258
0 0.8822463768115941 0.1386687797147385 0.03260869565217391 0.16323296354992076
0 0.7750603864734299 0.7345483359746434 0.03683574879227053 0.21394611727416799
0 0.8535628019323671 0.731378763866878 0.034420289855072464 0.21711568938193346
0 0.9181763285024154 0.7329635499207607 0.04408212560386473 0.22345483359746435
0 0.7518115942028986 0.08795562599049128 0.026570048309178744 0.10935023771790808
0 0.5951086956521738 0.07923930269413629 0.02717391304347826 0.11727416798732171
0 0.5102657004830917 0.06814580031695722 0.02898550724637681 0.09825673534072901
0 0.6790458937198067 0.08399366085578447 0.025966183574879224 0.09825673534072901
