3 0.45692307692307693 0.32792584009269987 0.2692307692307692 0.07184241019698726
3 0.7911538461538462 0.35515643105446115 0.2453846153846154 0.07995365005793742
0 0.07192307692307692 0.16917728852838934 0.07615384615384616 0.220162224797219
0 0.22615384615384615 0.14947856315179606 0.07230769230769231 0.14600231749710313
0 0.3780769230769231 0.18713789107763615 0.07307692307692308 0.20741599073001157
0 0.515 0.19003476245654694 0.06538461538461539 0.21089223638470453
0 0.6511538461538462 0.19640787949015062 0.06538461538461539 0.20509849362688296
0 0.7823076923076923 0.2010428736964079 0.06923076923076923 0.21205098493626884
0 0.9092307692307692 0.20799536500579374 0.06 0.2097334878331402
0 0.9126923076923077 0.552143684820394 0.07 0.21205098493626884
0 0.7823076923076923 0.5533024333719583 0.07384615384615384 0.21205098493626884
5 0.6492307692307693 0.589803012746234 0.09076923076923077 0.20625724217844726
0 0.5126923076923077 0.5533024333719583 0.07153846153846154 0.2213209733487833
0 0.375 0.5463499420625724 0.07153846153846154 0.22363847045191193
0 0.22576923076923078 0.5492468134414832 0.07461538461538461 0.2317497103128621
5 0.06423076923076923 0.589803012746234 0.08692307692307692 0.21552723059096177
