3 0.4358308605341246 0.7260981912144703 0.13427299703264095 0.03875968992248062
3 0.5916172106824926 0.725452196382429 0.12685459940652818 0.060723514211886306
3 0.7173590504451038 0.7248062015503877 0.02818991097922849 0.03875968992248062
1 0.034866468842729974 0.25064599483204136 0.06973293768545995 0.43410852713178294
0 0.1884272997032641 0.2099483204134367 0.05192878338278932 0.24160206718346255
0 0.3260385756676558 0.20348837209302326 0.06157270029673591 0.22868217054263568
0 0.4892433234421365 0.18863049095607237 0.06305637982195846 0.22997416020671835
0 0.5956973293768546 0.18863049095607237 0.05637982195845698 0.23772609819121449
0 0.7058605341246291 0.18733850129198967 0.07047477744807122 0.23255813953488372
0 0.8137982195845698 0.18733850129198967 0.07566765578635015 0.23514211886304912
0 0.9187685459940653 0.18604651162790697 0.06602373887240356 0.2144702842377261
0 0.17099406528189912 0.5613695090439277 0.04376854599406528 0.2364341085271318
0 0.31268545994065283 0.560077519379845 0.06008902077151335 0.23385012919896642
0 0.48553412462908013 0.5562015503875969 0.05415430267062315 0.2364341085271318
0 0.5964391691394659 0.5478036175710594 0.06379821958456973 0.24806201550387597
0 0.7136498516320475 0.5432816537467701 0.06676557863501484 0.24418604651162792
0 0.8264094955489615 0.5458656330749354 0.0712166172106825 0.23126614987080105
