1 0.7861224489795918 0.18309859154929578 0.05551020408163265 0.1189358372456964
3 0.16122448979591839 0.1651017214397496 0.06448979591836734 0.12363067292644758
3 0.7142857142857143 0.5719874804381847 0.08816326530612245 0.07355242566510173
3 0.8281632653061225 0.5774647887323944 0.12653061224489798 0.06572769953051644
3 0.33387755102040817 0.5641627543035994 0.2563265306122449 0.0892018779342723
3 0.09020408163265306 0.5672926447574335 0.18040816326530612 0.07668231611893583
4 0.25795918367346937 0.3560250391236307 0.05551020408163265 0.25821596244131456
4 0.4122448979591837 0.3380281690140845 0.060408163265306125 0.12519561815336464
4 0.08040816326530613 0.3223787167449139 0.05959183673469388 0.13145539906103287
0 0.07265306122448979 0.3403755868544601 0.08816326530612245 0.28012519561815336
0 0.2559183673469388 0.350547730829421 0.08571428571428572 0.27856025039123633
3 0.4020408163265306 0.1674491392801252 0.22448979591836735 0.07511737089201878
0 0.4089795918367347 0.35211267605633806 0.08653061224489796 0.24726134585289516
0 0.5604081632653062 0.3646322378716745 0.07265306122448979 0.2535211267605634
0 0.7048979591836735 0.36071987480438183 0.06448979591836734 0.25821596244131456
0 0.8485714285714286 0.36932707355242567 0.05795918367346939 0.25039123630672927
0 0.04081632653061225 0.7316118935837246 0.0783673469387755 0.2081377151799687
5 0.22979591836734695 0.7496087636932708 0.09551020408163266 0.25039123630672927
0 0.3983673469387755 0.7300469483568075 0.07183673469387755 0.2112676056338028
0 0.5575510204081633 0.7370892018779343 0.06857142857142857 0.2190923317683881
0 0.7069387755102041 0.7386541471048513 0.0653061224489796 0.20970266040688576
0 0.8571428571428572 0.7284820031298904 0.0653061224489796 0.19874804381846636
