3 0.505859375 0.5048611111111111 0.25390625 0.07361111111111111
1 0.9578125000000001 0.5888888888888889 0.078125 0.0638888888888889
1 0.28828125 0.3611111111111111 0.029687500000000002 0.10833333333333334
0 0.4078125 0.24097222222222223 0.084375 0.22916666666666669
0 0.596875 0.2590277777777778 0.07500000000000001 0.23750000000000002
0 0.7734375 0.27708333333333335 0.0765625 0.22916666666666669
0 0.969921875 0.3 0.055468750000000004 0.20277777777777778
0 0.40664062500000003 0.6590277777777778 0.08828125 0.23750000000000002
0 0.6003906250000001 0.6659722222222223 0.07421875 0.2263888888888889
0 0.7761718750000001 0.6645833333333333 0.07109375 0.22083333333333335
0 0.12890625 0.2520833333333333 0.0671875 0.2513888888888889
5 0.12578125 0.7791666666666667 0.0546875 0.19444444444444445
0 0.12578125 0.6152777777777778 0.0578125 0.13333333333333333
