3 0.486328125 0.4236111111111111 0.67734375 0.09166666666666667
0 0.36250000000000004 0.15 0.10312500000000001 0.26944444444444443
0 0.571484375 0.15347222222222223 0.10078125 0.2625
0 0.775390625 0.14375000000000002 0.11015625000000001 0.2763888888888889
0 0.9617187500000001 0.14305555555555557 0.07500000000000001 0.2833333333333333
0 0.15781250000000002 0.14166666666666666 0.11093750000000001 0.2833333333333333
0 0.12421875 0.7104166666666667 0.11875000000000001 0.3680555555555556
0 0.34882812500000004 0.7090277777777778 0.11640625 0.3763888888888889
0 0.5769531250000001 0.7131944444444445 0.10078125 0.3902777777777778
0 0.809765625 0.7083333333333334 0.12890625 0.37777777777777777
