1 0.3451066961000736 0.45774647887323944 0.041206769683590876 0.11737089201877934
3 0.452906548933039 0.5093896713615024 0.10816777041942605 0.051643192488262914
3 0.6033848417954378 0.5062597809076682 0.1280353200883002 0.12363067292644758
3 0.920897718910964 0.5062597809076682 0.15673289183222958 0.10172143974960876
0 0.16298749080206035 0.27073552425665104 0.06990434142752024 0.27230046948356806
0 0.3053715967623252 0.27543035993740217 0.07211184694628403 0.27543035993740217
0 0.4573215599705666 0.2652582159624413 0.0640176600441501 0.26760563380281693
0 0.6066961000735835 0.27073552425665104 0.061074319352465045 0.26604068857589985
0 0.7476085356880059 0.2746478873239437 0.06328182487122884 0.25821596244131456
0 0.8899926416482707 0.27230046948356806 0.059602649006622516 0.26291079812206575
5 0.12766740250183958 0.784037558685446 0.06990434142752024 0.25978090766823164
5 0.6026490066225165 0.7660406885758999 0.07799852832965416 0.3176838810641628
0 0.753495217071376 0.7284820031298904 0.07358351729212656 0.24256651017214398
0 0.8944076526857984 0.7331768388106417 0.06254598969830757 0.23004694835680753
0 0.4576894775570272 0.7480438184663537 0.07652685798381162 0.23161189358372458
