3 0.14678543764523627 0.46196868008948544 0.273431448489543 0.06935123042505592
3 0.7633617350890782 0.4686800894854586 0.3865220759101472 0.06487695749440715
0 0.07126258714175059 0.2986577181208054 0.040278853601859024 0.22595078299776286
0 0.1549186676994578 0.30201342281879195 0.03408210689388071 0.21029082774049215
0 0.23702556158017044 0.2975391498881432 0.03718048024786987 0.21923937360178972
0 0.35902401239349346 0.2919463087248322 0.06274206041828041 0.23042505592841162
5 0.48179705654531374 0.6991051454138703 0.049573973663826494 0.27069351230425054
0 0.35747482571649886 0.6912751677852349 0.08597986057319908 0.2550335570469799
0 0.22773044151820296 0.7002237136465325 0.046475600309837335 0.24161073825503354
5 0.134004647560031 0.6957494407158836 0.03718048024786987 0.2639821029082774
0 0.4786986831913246 0.3031319910514541 0.030983733539891558 0.23042505592841162
0 0.5604182804027885 0.29977628635346754 0.03795507358636716 0.22371364653243847
0 0.6425251742835012 0.2885906040268456 0.041053446940356314 0.22371364653243847
0 0.7238574748257165 0.2941834451901566 0.03795507358636716 0.2348993288590604
0 0.810611928737413 0.2953020134228188 0.041053446940356314 0.22371364653243847
0 0.8958171959721147 0.2919463087248322 0.03795507358636716 0.22147651006711408
0 0.9810224632068165 0.28635346756152125 0.03640588690937258 0.22371364653243847
