3 0.44155844155844154 0.3727034120734908 0.1711229946524064 0.06561679790026247
3 0.7692895339954163 0.3858267716535433 0.4507257448433919 0.10236220472440945
1 0.6779984721161192 0.5511811023622047 0.04965622612681436 0.13123359580052493
3 0.739877769289534 0.7591863517060368 0.10160427807486631 0.04330708661417323
3 0.839572192513369 0.7585301837270341 0.09167303284950344 0.03937007874015748
4 0.32161955691367455 0.4835958005249344 0.0748663101604278 0.06692913385826771
0 0.14629488158899923 0.17125984251968504 0.060351413292589765 0.24803149606299213
0 0.31856378915202443 0.1837270341207349 0.058059587471352175 0.24146981627296588
2 0.14018334606569902 0.6909448818897638 0.19633307868601985 0.4921259842519685
5 0.3158899923605806 0.7611548556430446 0.07257448433919023 0.30183727034120733
0 0.47364400305576776 0.5754593175853018 0.0641711229946524 0.2532808398950131
0 0.47211611917494267 0.18241469816272965 0.07028265851795264 0.2335958005249344
0 0.5920550038197097 0.19291338582677164 0.06875477463712758 0.24671916010498687
0 0.7127578304048893 0.19160104986876642 0.06875477463712758 0.24671916010498687
0 0.8300229182582124 0.1994750656167979 0.06340718105423988 0.24671916010498687
0 0.9289533995416348 0.20669291338582677 0.061115355233002294 0.25065616797900264
0 0.5989304812834224 0.5708661417322834 0.061115355233002294 0.2440944881889764
0 0.719633307868602 0.5741469816272966 0.061115355233002294 0.25065616797900264
0 0.8372803666921314 0.5728346456692913 0.0641711229946524 0.24540682414698162
0 0.9427043544690603 0.5787401574803149 0.061115355233002294 0.22834645669291337
