1 0.17000668002672012 0.5168690958164642 0.06613226452905813 0.24831309041835356
3 0.31429525718102874 0.48785425101214575 0.10888443553774216 0.11201079622132253
3 0.5507682030728124 0.48515519568151144 0.08617234468937876 0.11470985155195682
3 0.7852371409485639 0.5263157894736842 0.2571810287241149 0.06477732793522267
0 0.12224448897795592 0.2665317139001349 0.07615230460921844 0.23346828609986503
0 0.25985303941215765 0.27125506072874495 0.06680026720106881 0.23751686909581646
0 0.38777555110220446 0.27462887989203777 0.05945223780895124 0.23076923076923075
0 0.5454241816967268 0.2807017543859649 0.05143620574482299 0.22941970310391363
0 0.686372745490982 0.2854251012145749 0.047428189712758854 0.21997300944669365
0 0.8283233132932533 0.2894736842105263 0.0561122244488978 0.21187584345479082
0 0.2411489645958584 0.7233468286099864 0.06012024048096193 0.2186234817813765
0 0.38343353373413497 0.7246963562753036 0.05210420841683367 0.22402159244264505
5 0.08884435537742151 0.8184885290148448 0.0788243152972612 0.27935222672064774
