3 0.3793333333333333 0.5784593437945792 0.7546666666666666 0.14407988587731813
0 0.07066666666666667 0.3052781740370899 0.05466666666666666 0.25962910128388017
0 0.19833333333333333 0.304564907275321 0.05933333333333333 0.2810271041369472
0 0.3233333333333333 0.29386590584878747 0.064 0.2796005706134094
0 0.4523333333333333 0.30099857346647646 0.057999999999999996 0.28245363766048504
0 0.5803333333333334 0.3024251069900143 0.05933333333333333 0.28815977175463625
0 0.7103333333333333 0.2995720399429387 0.062 0.28530670470756064
0 0.8913333333333333 0.3437945791726106 0.06266666666666666 0.19686162624821685
0 0.087 0.7696148359486448 0.074 0.21540656205420827
0 0.301 0.7788873038516405 0.06466666666666666 0.23109843081312412
0 0.4493333333333333 0.7810271041369472 0.06533333333333333 0.2296718972895863
0 0.5783333333333334 0.7874465049928674 0.08333333333333333 0.25962910128388017
5 0.9013333333333333 0.8288159771754636 0.08266666666666667 0.2738944365192582
0 0.191 0.7368045649072753 0.048666666666666664 0.1754636233951498
