3 0.16966145833333332 0.5409722222222222 0.07213541666666666 0.034722222222222224
3 0.379296875 0.5377314814814815 0.05651041666666667 0.020833333333333336
3 0.6924479166666666 0.46342592592592596 0.0890625 0.037037037037037035
3 0.8265625 0.4715277777777778 0.030729166666666665 0.04398148148148148
4 0.17747395833333332 0.625 0.03307291666666667 0.024074074074074074
4 0.2109375 0.6233796296296297 0.0234375 0.020833333333333336
4 0.176171875 0.6909722222222222 0.03046875 0.08935185185185185
4 0.5576822916666666 0.35185185185185186 0.021614583333333333 0.11944444444444445
4 0.6833333333333333 0.6534722222222222 0.04479166666666667 0.14120370370370372
0 0.46054687499999997 0.47870370370370374 0.04244791666666667 0.10185185185185186
0 0.6783854166666666 0.34305555555555556 0.049479166666666664 0.1574074074074074
5 0.45729166666666665 0.7263888888888889 0.059375 0.18981481481481483
5 0.20859375 0.7152777777777778 0.03333333333333333 0.14722222222222223
0 0.3774739583333333 0.6203703703703703 0.022135416666666668 0.1287037037037037
0 0.38177083333333334 0.3854166666666667 0.021354166666666667 0.13564814814814816
0 0.46184895833333334 0.2569444444444445 0.04244791666666667 0.1537037037037037
0 0.550390625 0.10069444444444445 0.02265625 0.15416666666666667
0 0.5575520833333333 0.6083333333333334 0.022916666666666665 0.13425925925925927
