3 0.33280657395701646 0.36610878661087864 0.24209860935524655 0.05439330543933054
3 0.506953223767383 0.3709902370990237 0.0695322376738306 0.07531380753138076
1 0.5581542351453856 0.4630404463040446 0.026548672566371685 0.08368200836820083
5 0.513590391908976 0.7189679218967922 0.0752212389380531 0.4532775453277545
5 0.8659924146649811 0.793584379358438 0.08723135271807839 0.3263598326359832
2 0.6823640960809103 0.7384937238493724 0.15739570164348926 0.45606694560669453
0 0.12104930467762327 0.19525801952580193 0.04361567635903919 0.2203626220362622
0 0.263590391908976 0.19665271966527195 0.05815423514538559 0.22873082287308227
0 0.9450063211125159 0.1910739191073919 0.07585335018963338 0.23709902370990235
0 0.07237673830594185 0.6589958158995816 0.08912768647281923 0.2580195258019526
0 0.23324905183312264 0.6589958158995816 0.07838179519595449 0.2580195258019526
0 0.37642225031605564 0.6589958158995816 0.0638432364096081 0.25523012552301255
