3 0.07424496644295302 0.35596026490066224 0.05620805369127517 0.10596026490066225
3 0.4085570469798658 0.3485099337748344 0.31711409395973156 0.1076158940397351
3 0.8276006711409396 0.3543046357615894 0.21392617449664428 0.10927152317880795
0 0.08515100671140939 0.15728476821192053 0.0662751677852349 0.20198675496688742
0 0.25419463087248323 0.14735099337748345 0.05704697986577181 0.2052980132450331
0 0.41023489932885904 0.15894039735099338 0.06208053691275168 0.20860927152317882
0 0.5738255033557047 0.15314569536423842 0.060402684563758385 0.20695364238410596
0 0.723993288590604 0.15811258278145696 0.05536912751677852 0.1870860927152318
0 0.8875838926174496 0.15480132450331127 0.06711409395973154 0.20033112582781457
0 0.06921140939597316 0.6440397350993378 0.06963087248322147 0.23509933774834438
0 0.25419463087248323 0.6506622516556292 0.06879194630872483 0.23841059602649006
0 0.4152684563758389 0.6506622516556292 0.06543624161073826 0.23509933774834438
0 0.5805369127516778 0.652317880794702 0.05201342281879195 0.24172185430463577
0 0.7449664429530202 0.6556291390728477 0.060402684563758385 0.2251655629139073
0 0.9089765100671141 0.6539735099337748 0.04949664429530201 0.24503311258278146
