3 0.282421875 0.513888888888889 0.17578125 0.06666666666666667
3 0.76328125 0.5041666666666667 0.46718750000000003 0.03888888888888889
5 0.282421875 0.7513888888888889 0.10390625 0.3
5 0.134765625 0.7708333333333334 0.10390625 0.3
5 0.9558593750000001 0.7694444444444445 0.06640625 0.25277777777777777
0 0.460546875 0.7076388888888889 0.08515625 0.24305555555555555
0 0.619140625 0.7041666666666667 0.07890625000000001 0.23611111111111113
0 0.7816406250000001 0.7055555555555556 0.08515625 0.25
0 0.459765625 0.2465277777777778 0.07890625000000001 0.2791666666666667
0 0.1375 0.24930555555555556 0.078125 0.27361111111111114
0 0.30078125 0.24583333333333335 0.07187500000000001 0.26666666666666666
0 0.6171875 0.24791666666666667 0.07187500000000001 0.27083333333333337
0 0.77265625 0.24583333333333335 0.07968750000000001 0.26666666666666666
0 0.9339843750000001 0.24166666666666667 0.07578125000000001 0.26944444444444443
