1 0.08750000000000001 0.28194444444444444 0.0625 0.33611111111111114
3 0.517578125 0.5083333333333333 0.76171875 0.1
0 0.2546875 0.20694444444444446 0.09375 0.2555555555555556
0 0.41445312500000003 0.20486111111111113 0.08515625 0.24027777777777778
0 0.598046875 0.2076388888888889 0.08671875000000001 0.2569444444444445
0 0.7757812500000001 0.2152777777777778 0.08750000000000001 0.22777777777777777
0 0.9535156250000001 0.21805555555555556 0.09140625000000001 0.23611111111111113
0 0.23671875 0.7333333333333334 0.09062500000000001 0.3027777777777778
0 0.41132812500000004 0.7263888888888889 0.09296875 0.3
0 0.6238281250000001 0.7180555555555556 0.09765625 0.2972222222222222
0 0.829296875 0.70625 0.10859375 0.29305555555555557
