0 0.15781250000000002 0.23611111111111113 0.0921875 0.25
0 0.322265625 0.24305555555555555 0.08828125 0.24722222222222223
0 0.487890625 0.23680555555555557 0.08515625 0.24583333333333335
0 0.655859375 0.23541666666666666 0.08359375000000001 0.25972222222222224
0 0.823828125 0.23819444444444446 0.08203125 0.2625
0 0.15625 0.7020833333333334 0.0921875 0.2847222222222222
0 0.318359375 0.7041666666666667 0.08046875 0.28055555555555556
0 0.49453125000000003 0.6979166666666667 0.0890625 0.27361111111111114
0 0.65234375 0.6986111111111112 0.0890625 0.27222222222222225
0 0.8207031250000001 0.7083333333333334 0.09453125000000001 0.28055555555555556
1 0.9609375 0.43819444444444444 0.037500000000000006 0.11527777777777778
3 0.2328125 0.43680555555555556 0.1328125 0.07916666666666666
