0 0.3453125 0.3277777777777778 0.0578125 0.20555555555555557
0 0.48085937500000003 0.32916666666666666 0.05234375 0.19722222222222224
0 0.745703125 0.3416666666666667 0.049218750000000006 0.19444444444444445
0 0.8757812500000001 0.34375 0.0546875 0.2013888888888889
0 0.6121093750000001 0.3375 0.05078125 0.19722222222222224
0 0.821484375 0.7243055555555555 0.17734375000000002 0.24305555555555555
0 0.4109375 0.7076388888888889 0.1796875 0.22361111111111112
3 0.8152343750000001 0.5361111111111111 0.14921875 0.04722222222222222
3 0.41445312500000003 0.5277777777777778 0.14609375 0.058333333333333334
0 0.186328125 0.34097222222222223 0.02734375 0.19305555555555556
