3 0.15937500000000002 0.45069444444444445 0.1171875 0.051388888888888894
3 0.49921875000000004 0.4486111111111111 0.08281250000000001 0.10555555555555556
3 0.8347656250000001 0.4444444444444445 0.23046875 0.058333333333333334
0 0.073046875 0.18194444444444446 0.07421875 0.2833333333333333
0 0.2421875 0.1763888888888889 0.084375 0.28611111111111115
0 0.41132812500000004 0.17430555555555557 0.08671875000000001 0.2902777777777778
0 0.58046875 0.1736111111111111 0.08281250000000001 0.29444444444444445
0 0.74609375 0.17291666666666666 0.07968750000000001 0.29583333333333334
0 0.916015625 0.1763888888888889 0.08203125 0.29444444444444445
0 0.829296875 0.6819444444444445 0.22578125000000002 0.2916666666666667
0 0.15976562500000002 0.6833333333333333 0.23671875 0.2833333333333333
