3 0.09245960502692999 0.3998482549317147 0.18491921005385997 0.03793626707132018
3 0.41741472172351884 0.3937784522003035 0.30700179533213645 0.03793626707132018
1 0.7414721723518851 0.38012139605462825 0.17235188509874327 0.11380880121396054
3 0.6606822262118492 0.622154779969651 0.10053859964093358 0.0637329286798179
3 0.20017953321364454 0.6213960546282246 0.07360861759425494 0.05918057663125949
0 0.08527827648114901 0.21699544764795145 0.10233393177737882 0.20333839150227617
0 0.30969479353680435 0.20789074355083462 0.09874326750448834 0.20333839150227617
0 0.5556552962298026 0.20333839150227617 0.1095152603231598 0.20637329286798178
0 0.8016157989228008 0.18892261001517452 0.09874326750448834 0.21699544764795145
5 0.7998204667863555 0.5978755690440061 0.1813285457809695 0.2943854324734446
