3 0.3802721088435374 0.5692307692307692 0.10476190476190475 0.07179487179487179
3 0.8914965986394557 0.5711538461538461 0.08503401360544217 0.03205128205128205
3 0.2248299319727891 0.5615384615384615 0.11632653061224489 0.046153846153846156
3 0.060884353741496595 0.5705128205128205 0.12176870748299319 0.07435897435897436
0 0.07755102040816327 0.31987179487179485 0.08299319727891157 0.24743589743589745
0 0.22857142857142856 0.32371794871794873 0.07891156462585033 0.24487179487179486
0 0.3795918367346939 0.3301282051282051 0.07755102040816327 0.23974358974358975
0 0.5306122448979591 0.3326923076923077 0.06802721088435373 0.24487179487179486
0 0.6806122448979591 0.34294871794871795 0.06462585034013606 0.22948717948717948
0 0.8666666666666666 0.34935897435897434 0.05714285714285714 0.23205128205128206
0 0.6884353741496598 0.7365384615384616 0.07346938775510203 0.2064102564102564
0 0.5438775510204081 0.7455128205128205 0.06326530612244897 0.20384615384615384
0 0.22551020408163264 0.7403846153846154 0.06598639455782312 0.22692307692307692
5 0.3755102040816326 0.7487179487179487 0.07619047619047618 0.24871794871794872
5 0.058503401360544216 0.7596153846153846 0.07074829931972788 0.25
