3 0.5974067046173308 0.4682795698924731 0.1549652118912081 0.06344086021505377
3 0.12175838077166351 0.482258064516129 0.09297912713472486 0.041935483870967745
3 0.37887413029728023 0.4801075268817204 0.1644528779253637 0.046236559139784944
4 0.4038583175205566 0.6263440860215054 0.05755850727387729 0.13870967741935483
0 0.08538899430740038 0.317741935483871 0.04048070841239722 0.16666666666666666
0 0.1834282099936749 0.3086021505376344 0.0480708412397217 0.16774193548387098
0 0.29854522454142945 0.3043010752688172 0.058191018342821 0.16559139784946236
0 0.4044908285895003 0.3010752688172043 0.05755850727387729 0.18494623655913978
0 0.5325743200506009 0.2946236559139785 0.058191018342821 0.18494623655913978
0 0.6562302340290955 0.289247311827957 0.05502846299810247 0.17849462365591398
0 0.8415559772296015 0.267741935483871 0.05249841872232764 0.17204301075268819
0 0.0736875395319418 0.6274193548387097 0.07400379506641366 0.1967741935483871
0 0.17299177735610374 0.6268817204301075 0.07147375079063883 0.1978494623655914
0 0.29696394686907024 0.6290322580645161 0.07653383934218849 0.2064516129032258
0 0.4035420619860848 0.624731182795699 0.0784313725490196 0.210752688172043
0 0.5363693864642631 0.6220430107526882 0.08096141682479444 0.2118279569892473
5 0.6846932321315623 0.6564516129032258 0.10815939278937381 0.24838709677419354
2 0.8570524984187223 0.6440860215053763 0.1834282099936749 0.3225806451612903
