3 0.18641509433962264 0.414756446991404 0.32754716981132076 0.07879656160458452
3 0.5683018867924527 0.417621776504298 0.15547169811320755 0.07020057306590258
5 0.8422641509433962 0.7979942693409742 0.11471698113207547 0.3667621776504298
0 0.8245283018867924 0.5587392550143266 0.08981132075471698 0.09169054441260745
0 0.07245283018867923 0.16045845272206302 0.06037735849056604 0.19484240687679083
0 0.20226415094339623 0.15974212034383953 0.05433962264150943 0.19054441260744986
0 0.3366037735849056 0.15830945558739254 0.06641509433962264 0.21633237822349569
0 0.5033962264150943 0.13825214899713467 0.05886792452830188 0.2134670487106017
0 0.6343396226415094 0.14111747851002865 0.05811320754716981 0.20773638968481375
0 0.8124528301886792 0.13323782234957018 0.050566037735849056 0.20916905444126074
0 0.9792452830188679 0.1489971346704871 0.04 0.20057306590257878
0 0.6283018867924528 0.6361031518624641 0.06566037735849056 0.2492836676217765
0 0.5147169811320754 0.6339541547277937 0.06339622641509433 0.2707736389684814
0 0.3211320754716981 0.6275071633237822 0.07018867924528302 0.24355300859598852
0 0.1683018867924528 0.6303724928366762 0.08150943396226415 0.2492836676217765
0 0.04792452830188679 0.6318051575931232 0.08226415094339622 0.24068767908309455
