0 0.025 0.08333333333333334 0.034375 0.09351851851851853
0 0.12682291666666667 0.08981481481481482 0.059895833333333336 0.09722222222222222
0 0.22682291666666665 0.08055555555555556 0.0359375 0.10648148148148148
0 0.30364583333333334 0.07523148148148148 0.03854166666666667 0.10324074074074074
0 0.38372395833333334 0.07569444444444445 0.03203125 0.10416666666666667
0 0.3833333333333333 0.2553240740740741 0.036458333333333336 0.10416666666666667
0 0.2994791666666667 0.2574074074074074 0.0390625 0.10648148148148148
0 0.21901041666666665 0.2622685185185185 0.03854166666666667 0.10416666666666667
0 0.12096354166666666 0.24814814814814815 0.05859375 0.08333333333333334
0 0.016927083333333332 0.26689814814814816 0.033854166666666664 0.09953703703703703
0 0.081640625 0.49421296296296297 0.09192708333333333 0.1587962962962963
0 0.21119791666666665 0.5081018518518519 0.04375 0.14675925925925926
0 0.29453125 0.5069444444444444 0.0421875 0.14722222222222223
0 0.378515625 0.5087962962962963 0.03307291666666667 0.14814814814814814
3 0.2740885416666667 0.6300925925925926 0.08723958333333333 0.04166666666666667
3 0.7092447916666667 0.7275462962962963 0.21536458333333333 0.04398148148148148
0 0.48723958333333334 0.125 0.034375 0.08703703703703704
0 0.5516927083333333 0.11967592592592594 0.03307291666666667 0.08101851851851852
0 0.6307291666666667 0.11875000000000001 0.036458333333333336 0.08564814814814815
0 0.6958333333333333 0.1150462962962963 0.036458333333333336 0.08101851851851852
0 0.7697916666666667 0.11111111111111112 0.03854166666666667 0.08703703703703704
0 0.8384114583333333 0.10833333333333334 0.037760416666666664 0.08796296296296297
0 0.9041666666666667 0.10370370370370371 0.0390625 0.08333333333333334
0 0.976171875 0.10532407407407408 0.04609375 0.0912037037037037
0 0.48528645833333334 0.30092592592592593 0.03723958333333333 0.09166666666666667
0 0.5549479166666667 0.3025462962962963 0.0359375 0.09027777777777778
0 0.632421875 0.2990740740740741 0.03828125 0.0925925925925926
0 0.700390625 0.29791666666666666 0.03515625 0.09953703703703703
0 0.7760416666666666 0.2898148148148148 0.036458333333333336 0.10185185185185186
0 0.8494791666666667 0.2881944444444445 0.033854166666666664 0.09861111111111112
0 0.916015625 0.2916666666666667 0.032552083333333336 0.10092592592592593
0 0.9855468749999999 0.28541666666666665 0.028385416666666666 0.10138888888888889
0 0.48723958333333334 0.46597222222222223 0.03177083333333333 0.09027777777777778
0 0.554296875 0.46296296296296297 0.03828125 0.08703703703703704
0 0.6341145833333334 0.4671296296296297 0.036458333333333336 0.0925925925925926
0 0.7033854166666667 0.4625 0.03697916666666667 0.09722222222222222
0 0.784765625 0.46296296296296297 0.03046875 0.10277777777777779
0 0.8559895833333333 0.4641203703703704 0.036458333333333336 0.09583333333333334
0 0.9290364583333334 0.4590277777777778 0.045572916666666664 0.09953703703703703
0 0.9874999999999999 0.4518518518518519 0.024479166666666666 0.09722222222222222
0 0.5536458333333333 0.6458333333333334 0.03333333333333333 0.09814814814814815
0 0.6389322916666667 0.6453703703703704 0.04244791666666667 0.11111111111111112
0 0.70859375 0.6476851851851853 0.04375 0.10648148148148148
0 0.7897135416666666 0.6469907407407408 0.04296875 0.10972222222222222
0 0.8654947916666667 0.6488425925925926 0.04244791666666667 0.1087962962962963
0 0.9406249999999999 0.6458333333333334 0.044270833333333336 0.11203703703703705
0 0.716015625 0.8268518518518518 0.037760416666666664 0.08333333333333334
0 0.7951822916666667 0.826388888888889 0.04244791666666667 0.07777777777777778
0 0.6412760416666666 0.8224537037037037 0.032552083333333336 0.0625
5 0.953125 0.8402777777777778 0.046875 0.10277777777777779
