3 0.2933832709113608 0.5144144144144144 0.12983770287141075 0.06666666666666667
3 0.6313982521847691 0.518918918918919 0.10549313358302123 0.05405405405405406
3 0.8361423220973783 0.5225225225225225 0.041822721598002495 0.05045045045045045
3 0.9588014981273408 0.5270270270270271 0.02746566791510612 0.06666666666666667
2 0.12390761548064919 0.736936936936937 0.09800249687890138 0.3027027027027027
2 0.28714107365792757 0.736936936936937 0.0986267166042447 0.2954954954954955
2 0.41947565543071164 0.7324324324324324 0.10237203495630462 0.2864864864864865
2 0.633270911360799 0.7306306306306306 0.0867665418227216 0.2828828828828829
2 0.8433208489388265 0.736936936936937 0.10237203495630462 0.28468468468468466
2 0.9591136079900124 0.718018018018018 0.08052434456928839 0.26846846846846845
0 0.11298377028714107 0.0945945945945946 0.02372034956304619 0.15675675675675677
0 0.16885143570536829 0.10270270270270271 0.02059925093632959 0.15495495495495495
0 0.22191011235955058 0.10720720720720721 0.025593008739076155 0.16036036036036036
0 0.28308364544319603 0.10540540540540541 0.03682896379525593 0.16756756756756758
0 0.3433208489388265 0.11081081081081082 0.033707865168539325 0.17117117117117117
0 0.40574282147315854 0.11081081081081082 0.031210986267166042 0.16396396396396395
0 0.4662921348314607 0.109009009009009 0.02746566791510612 0.16036036036036036
0 0.5458801498127341 0.11981981981981982 0.026841448189762796 0.15315315315315314
0 0.6267166042446941 0.12072072072072072 0.033707865168539325 0.16936936936936936
0 0.7069288389513109 0.11801801801801802 0.033083645443196 0.17117117117117117
0 0.7887016229712859 0.12432432432432433 0.02933832709113608 0.16936936936936936
0 0.8461298377028714 0.12972972972972974 0.02933832709113608 0.16936936936936936
0 0.9041822721598003 0.12702702702702703 0.033083645443196 0.16036036036036036
0 0.9597378277153558 0.13333333333333333 0.03433208489388265 0.16576576576576577
0 0.09737827715355805 0.3954954954954955 0.031210986267166042 0.1783783783783784
0 0.27340823970037453 0.39909909909909913 0.0299625468164794 0.16756756756756758
0 0.3364544319600499 0.3954954954954955 0.031210986267166042 0.16756756756756758
0 0.39825218476903873 0.4018018018018018 0.02871410736579276 0.1837837837837838
0 0.4600499375780275 0.40540540540540543 0.031210986267166042 0.17657657657657658
0 0.5436953807740325 0.4018018018018018 0.031210986267166042 0.16936936936936936
0 0.6313982521847691 0.4009009009009009 0.03558052434456929 0.17477477477477477
0 0.714107365792759 0.4063063063063063 0.031210986267166042 0.17117117117117117
0 0.7971285892634208 0.3981981981981982 0.03245942571785269 0.17657657657657658
0 0.8570536828963795 0.41531531531531535 0.03745318352059925 0.17477477477477477
0 0.9185393258426966 0.41711711711711713 0.038077403245942575 0.16396396396396395
0 0.9769038701622972 0.4135135135135135 0.033707865168539325 0.15675675675675677
