3 0.27902946273830154 0.4364406779661017 0.12016175621028306 0.08192090395480225
3 0.8737723859041017 0.4569209039548023 0.14731369150779894 0.12005649717514125
1 0.9708261120739456 0.5331920903954802 0.04563835932986712 0.09745762711864407
0 0.07567879838243789 0.6483050847457628 0.14326978625072212 0.2853107344632768
0 0.27614095898324664 0.6546610169491526 0.13749277874061236 0.2669491525423729
0 0.47400346620450606 0.6624293785310734 0.13460427498555746 0.2740112994350282
1 0.3801270941652224 0.4731638418079096 0.030040439052570766 0.307909604519774
0 0.6701328711727325 0.653954802259887 0.1317157712305026 0.2711864406779661
0 0.8729058347775852 0.66454802259887 0.1386481802426343 0.269774011299435
0 0.9211438474870017 0.21257062146892655 0.04563835932986712 0.2754237288135593
0 0.8177354130560369 0.2076271186440678 0.04448295782784517 0.2768361581920904
0 0.71894858463316 0.20268361581920905 0.04332755632582322 0.2669491525423729
0 0.6227614095898324 0.20268361581920905 0.04852686308492201 0.2725988700564972
0 0.5239745811669555 0.19562146892655366 0.04852686308492201 0.2641242937853107
0 0.4295205083766609 0.19562146892655366 0.047949162333911034 0.2810734463276836
0 0.33246678220681686 0.19915254237288135 0.04448295782784517 0.2768361581920904
0 0.23454650491045637 0.19491525423728814 0.0462160600808781 0.2711864406779661
0 0.133737723859041 0.18220338983050846 0.04332755632582322 0.2655367231638418
0 0.033506643558636626 0.1786723163841808 0.04159445407279029 0.2725988700564972
5 0.8212016175621027 0.7542372881355932 0.04563835932986712 0.268361581920904
