1 0.11390284757118928 0.5141562853907136 0.06700167504187604 0.12684031710079277
1 0.09128978224455611 0.37032842582106457 0.07202680067001675 0.1245753114382786
1 0.931323283082077 0.470554926387316 0.09380234505862647 0.15288788221970556
3 0.7529313232830821 0.11947904869762176 0.19765494137353434 0.08720271800679502
3 0.2851758793969849 0.5662514156285391 0.24874371859296482 0.08380520951302378
0 0.2797319932998325 0.31483578708946774 0.08375209380234507 0.2129105322763307
0 0.48408710217755446 0.3233295583238958 0.08710217755443886 0.23669309173272934
0 0.678391959798995 0.3244620611551529 0.08877721943048576 0.2344280860702152
0 0.8232830820770519 0.3244620611551529 0.08542713567839195 0.23669309173272934
0 0.4861809045226131 0.7701019252548131 0.08961474036850921 0.16308040770101925
0 0.8283082077051926 0.7718006795016988 0.09547738693467336 0.1551528878822197
5 0.2629815745393635 0.7497168742921858 0.1474036850921273 0.2718006795016988
