3 0.29608695652173916 0.44351464435146437 0.11565217391304349 0.0794979079497908
3 0.09086956521739131 0.4351464435146443 0.12434782608695652 0.07531380753138074
3 0.4665217391304348 0.4748953974895397 0.14 0.11297071129707112
3 0.7021739130434783 0.4728033472803347 0.13652173913043478 0.10041841004184099
3 0.8760869565217392 0.4612970711297071 0.12434782608695652 0.11506276150627615
0 0.09739130434782609 0.2301255230125523 0.07130434782608695 0.23430962343096232
0 0.19608695652173913 0.2322175732217573 0.06521739130434782 0.22594142259414224
0 0.09695652173913044 0.5512552301255229 0.10347826086956523 0.07322175732217573
0 0.2886956521739131 0.22803347280334726 0.06260869565217392 0.23430962343096232
0 0.42000000000000004 0.23744769874476984 0.03826086956521739 0.23640167364016734
0 0.46608695652173915 0.6872384937238493 0.09391304347826088 0.25732217573221755
0 0.688695652173913 0.6725941422594142 0.1547826086956522 0.24476987447698742
0 0.8791304347826088 0.6025104602510459 0.11478260869565218 0.05857740585774058
0 0.8626086956521739 0.2510460251046025 0.06782608695652174 0.23430962343096232
0 0.7230434782608696 0.25732217573221755 0.042608695652173914 0.23430962343096232
0 0.6513043478260869 0.25941422594142255 0.04869565217391304 0.22594142259414224
0 0.5743478260869566 0.25732217573221755 0.042608695652173914 0.2301255230125523
0 0.4965217391304348 0.24581589958158995 0.04521739130434783 0.2238493723849372
5 0.8860869565217392 0.7322175732217573 0.12869565217391304 0.18828451882845187
2 0.2886956521739131 0.6715481171548117 0.11826086956521739 0.37656903765690375
5 0.09521739130434782 0.7186192468619246 0.0982608695652174 0.23640167364016734
