3 0.23333333333333334 0.3238770685579196 0.24912280701754386 0.14657210401891252
3 0.47456140350877196 0.2919621749408983 0.11754385964912281 0.07328605200945626
3 0.6298245614035087 0.3108747044917258 0.1298245614035088 0.08747044917257683
3 0.7978070175438596 0.29432624113475175 0.09912280701754386 0.1111111111111111
3 0.9144736842105263 0.3049645390070922 0.12543859649122807 0.037825059101654845
5 0.6179824561403509 0.6997635933806147 0.0692982456140351 0.3309692671394799
5 0.4728070175438597 0.7659574468085106 0.1 0.42080378250591016
5 0.32412280701754387 0.7092198581560284 0.08508771929824561 0.4302600472813239
0 0.14956140350877192 0.6300236406619385 0.06403508771929825 0.3333333333333333
0 0.7736842105263158 0.640661938534279 0.06842105263157895 0.326241134751773
0 0.9087719298245615 0.6040189125295509 0.08596491228070176 0.2576832151300236
0 0.4723684210526316 0.10283687943262411 0.05701754385964913 0.20567375886524822
0 0.33201754385964916 0.09219858156028368 0.05701754385964913 0.18439716312056736
0 0.19035087719298247 0.09574468085106383 0.056140350877192984 0.19148936170212766
