3 0.07338129496402877 0.5383561643835616 0.08633093525179857 0.11232876712328767
3 0.25971223021582734 0.5349315068493151 0.1985611510791367 0.08082191780821918
3 0.6622302158273381 0.5308219178082192 0.6035971223021583 0.1
0 0.07302158273381296 0.2547945205479452 0.0856115107913669 0.31232876712328766
0 0.2356115107913669 0.2458904109589041 0.08992805755395683 0.3273972602739726
0 0.4064748201438849 0.2363013698630137 0.10071942446043165 0.34383561643835614
0 0.6183453237410073 0.22808219178082192 0.10287769784172662 0.3547945205479452
0 0.8647482014388489 0.2184931506849315 0.10647482014388489 0.36027397260273974
0 0.8636690647482015 0.7575342465753425 0.10431654676258993 0.3041095890410959
5 0.6161870503597122 0.7691780821917809 0.10143884892086331 0.35205479452054794
5 0.4035971223021583 0.7 0.08776978417266187 0.1726027397260274
