0 0.346484375 0.4326388888888889 0.05859375 0.20972222222222223
0 0.494921875 0.44027777777777777 0.05859375 0.2111111111111111
0 0.6453125000000001 0.4395833333333333 0.060937500000000006 0.20972222222222223
0 0.794921875 0.4416666666666667 0.055468750000000004 0.2138888888888889
0 0.9496093750000001 0.44375000000000003 0.06171875 0.2125
0 0.9421875000000001 0.07569444444444445 0.060937500000000006 0.1513888888888889
0 0.7898437500000001 0.07708333333333334 0.059375000000000004 0.15416666666666667
0 0.641796875 0.07569444444444445 0.05859375 0.1513888888888889
0 0.500390625 0.07361111111111111 0.05859375 0.14722222222222223
0 0.350390625 0.07083333333333333 0.06015625 0.14166666666666666
0 0.193359375 0.4277777777777778 0.06640625 0.20277777777777778
0 0.034765625 0.4256944444444445 0.06796875000000001 0.2152777777777778
0 0.1875 0.8041666666666667 0.05625 0.13611111111111113
0 0.34492187500000004 0.7930555555555556 0.06015625 0.15555555555555556
0 0.49375 0.795138888888889 0.060937500000000006 0.15416666666666667
0 0.64609375 0.7993055555555556 0.05625 0.14027777777777778
0 0.7972656250000001 0.8034722222222223 0.06328125 0.14583333333333334
0 0.96015625 0.8020833333333334 0.065625 0.1486111111111111
3 0.21328125 0.5993055555555555 0.1765625 0.06805555555555556
3 0.42226562500000003 0.5965277777777778 0.15390625000000002 0.05416666666666667
3 0.644140625 0.6111111111111112 0.09921875000000001 0.030555555555555558
3 0.805859375 0.6131944444444445 0.12734375 0.05694444444444444
3 0.947265625 0.6166666666666667 0.10390625 0.036111111111111115
