3 0.19401041666666666 0.4842592592592593 0.328125 0.06481481481481481
3 0.652734375 0.4983796296296297 0.29609375 0.05787037037037037
4 0.07552083333333333 0.6844907407407408 0.044270833333333336 0.17824074074074076
0 0.07799479166666666 0.29282407407407407 0.055989583333333336 0.21435185185185185
0 0.201171875 0.2923611111111111 0.06380208333333333 0.2199074074074074
0 0.3266927083333333 0.2851851851851852 0.06640625 0.22222222222222224
0 0.540625 0.2789351851851852 0.07083333333333333 0.2189814814814815
0 0.6998697916666666 0.2738425925925926 0.07421875 0.2337962962962963
0 0.9699218749999999 0.2923611111111111 0.05963541666666666 0.22731481481481483
5 0.70703125 0.6875 0.0859375 0.2601851851851852
0 0.5393229166666667 0.6615740740740741 0.06979166666666667 0.22685185185185186
0 0.06796875 0.6770833333333334 0.075 0.23287037037037037
5 0.189453125 0.6833333333333333 0.07161458333333333 0.25925925925925924
