3 0.2820404721753794 0.3234750462107209 0.19645868465430016 0.051756007393715345
3 0.6703204047217538 0.3317929759704251 0.163575042158516 0.06469500924214418
3 0.043423271500843165 0.32070240295748614 0.0581787521079258 0.04990757855822551
0 0.1163575042158516 0.6487985212569316 0.08094435075885328 0.26247689463955637
0 0.22344013490725126 0.6580406654343808 0.06408094435075885 0.2587800369685767
0 0.32672849915682967 0.655268022181146 0.061551433389544684 0.24953789279112754
0 0.43001686340640805 0.6598890942698706 0.06408094435075885 0.26247689463955637
0 0.5248735244519392 0.6608133086876156 0.05480607082630691 0.2532347504621072
0 0.6353288364249579 0.6626617375231053 0.06661045531197302 0.24953789279112754
0 0.7247048903878583 0.6044362292051756 0.05311973018549747 0.1256931608133087
0 0.8263069139966273 0.609981515711645 0.06070826306913996 0.1256931608133087
0 0.14165261382799324 0.18391866913123844 0.047217537942664416 0.20147874306839186
0 0.23777403035413153 0.18946395563770796 0.050590219224283306 0.1977818853974122
0 0.3347386172006745 0.1913123844731978 0.047217537942664416 0.1977818853974122
0 0.4295952782462057 0.1987060998151571 0.04974704890387858 0.19038817005545286
0 0.524451939291737 0.20055452865064693 0.04890387858347386 0.2088724584103512
0 0.6172006745362563 0.20147874306839186 0.043844856661045525 0.18853974121996303
0 0.7112141652613828 0.2421441774491682 0.03962900505902192 0.12939001848428835
0 0.8077571669477234 0.2513863216266174 0.043844856661045525 0.1256931608133087
0 0.8979763912310286 0.26247689463955637 0.043844856661045525 0.11829944547134935
