3 0.6602658788774003 0.3654485049833887 0.5465288035450517 0.053156146179401995
3 0.17836041358936486 0.3787375415282392 0.24150664697193502 0.06423034330011074
5 0.0742245199409158 0.6146179401993356 0.08493353028064993 0.18161683277962348
0 0.20753323485967506 0.5697674418604651 0.07385524372230429 0.20487264673311184
0 0.3353028064992615 0.5736434108527132 0.07680945347119646 0.21705426356589147
0 0.46935007385524374 0.5725359911406422 0.07311669128508125 0.22148394241417496
5 0.5982274741506647 0.6063122923588039 0.08714918759231906 0.19601328903654483
0 0.7344903988183161 0.5653377630121816 0.07016248153618908 0.20487264673311184
0 0.878138847858198 0.570874861572536 0.06499261447562778 0.21816168327796234
0 0.0808714918759232 0.2281284606866002 0.05982274741506648 0.21483942414174972
0 0.21418020679468244 0.2281284606866002 0.06646971935007386 0.19712070874861573
0 0.3426883308714919 0.23200442967884827 0.07237813884785821 0.19379844961240308
0 0.4675036927621862 0.23034330011074197 0.06646971935007386 0.19490586932447396
0 0.602658788774003 0.22702104097452933 0.06942392909896603 0.2059800664451827
0 0.7355982274741507 0.22480620155038758 0.07237813884785821 0.21262458471760798
0 0.8733382570162482 0.21483942414174972 0.06868537666174299 0.21483942414174972
