3 0.2246278755074425 0.4216133942161339 0.33964817320703655 0.0791476407914764
1 0.44621109607577814 0.258751902587519 0.033152909336941816 0.502283105022831
3 0.5541271989174561 0.4094368340943683 0.17726657645466848 0.0852359208523592
3 0.8335588633288228 0.4231354642313546 0.33152909336941816 0.0882800608828006
0 0.08085250338294994 0.24581430745814306 0.05615696887686063 0.2420091324200913
0 0.1894451962110961 0.2541856925418569 0.056833558863328824 0.258751902587519
0 0.29194857916102845 0.2503805175038052 0.05615696887686063 0.2541856925418569
0 0.3988497970230041 0.2602739726027397 0.04127198917456022 0.2465753424657534
0 0.4962787550744249 0.24581430745814306 0.054803788903924226 0.2420091324200913
0 0.5994587280108254 0.2496194824961948 0.048714479025710425 0.2374429223744292
0 0.689106901217862 0.2503805175038052 0.05074424898511502 0.2389649923896499
0 0.7746955345060894 0.2534246575342466 0.050067658998646826 0.2389649923896499
0 0.8653585926928282 0.25799086757990863 0.04194857916102842 0.2359208523592085
0 0.9600811907983763 0.2899543378995434 0.048714479025710425 0.1780821917808219
0 0.13024357239512857 0.7245053272450532 0.15223274695534508 0.2617960426179604
0 0.34945872801082545 0.71765601217656 0.14140730717185387 0.2694063926940639
0 0.7405277401894452 0.7100456621004566 0.13058186738836267 0.2450532724505327
0 0.9211772665764547 0.702435312024353 0.12787550744248985 0.2389649923896499
3 0.5592016238159676 0.5403348554033485 0.03721244925575102 0.1004566210045662
