3 0.3989463601532567 0.5666178623718887 0.2519157088122605 0.06734992679355783
3 0.8390804597701149 0.5592972181551976 0.24137931034482757 0.07613469985358712
1 0.23563218390804597 0.26720351390922403 0.07088122605363985 0.212298682284041
0 0.02490421455938697 0.3206442166910688 0.04980842911877394 0.17569546120058566
0 0.32231800766283525 0.7115666178623719 0.07567049808429119 0.2108345534407028
0 0.6853448275862069 0.7166910688140556 0.06992337164750957 0.22693997071742314
0 0.8453065134099617 0.7144948755490483 0.06609195402298851 0.2342606149341142
0 0.685823754789272 0.3257686676427526 0.053639846743295014 0.17423133235724744
0 0.807471264367816 0.32503660322108346 0.04597701149425287 0.15226939970717424
0 0.4568965517241379 0.32503660322108346 0.0632183908045977 0.16691068814055637
0 0.33716475095785436 0.3177159590043924 0.05938697318007662 0.17276720351390923
0 0.14846743295019157 0.3169838945827233 0.07279693486590037 0.16544655929721816
5 0.47461685823754785 0.753294289897511 0.07567049808429119 0.2913616398243045
5 0.07662835249042145 0.766471449487555 0.1111111111111111 0.2825768667642753
