3 0.44313395113732096 0.3910060975609756 0.4919966301600674 0.053353658536585365
1 0.10614995787700084 0.5083841463414634 0.11457455770850884 0.11128048780487805
4 0.60530749789385 0.6257621951219512 0.07497893850042123 0.28506097560975613
4 0.7687447346251053 0.6234756097560976 0.06823925863521482 0.27134146341463417
4 0.9313395113732097 0.6265243902439025 0.07160909856781802 0.2530487804878049
4 0.2695871946082561 0.6257621951219512 0.047177759056444814 0.2911585365853659
0 0.2468407750631845 0.6280487804878049 0.09941027801179443 0.34146341463414637
0 0.6019376579612468 0.6196646341463414 0.09351305812973883 0.3155487804878049
0 0.42754844144903115 0.5015243902439025 0.09519797809604043 0.06707317073170732
0 0.7725358045492838 0.6158536585365854 0.08593091828138164 0.31402439024390244
0 0.9334456613310868 0.6173780487804879 0.09098567818028643 0.29878048780487804
0 0.9279696714406065 0.14329268292682928 0.06318449873631002 0.23170731707317074
0 0.7704296545914069 0.13338414634146342 0.061499578770008424 0.22408536585365854
0 0.6078348778433024 0.13033536585365854 0.061499578770008424 0.24847560975609756
0 0.44060657118786856 0.11966463414634147 0.05897219882055602 0.23932926829268295
0 0.2700084245998315 0.11737804878048781 0.05475989890480202 0.23475609756097562
5 0.42038753159224934 0.7050304878048781 0.10109519797809603 0.2942073170731707
