1 0.662109375 0.2911764705882353 0.14453125 0.14411764705882352
1 0.66943359375 0.4389705882352941 0.1533203125 0.12794117647058822
1 0.67578125 0.5794117647058823 0.15234375 0.12941176470588234
1 0.69140625 0.6948529411764706 0.1171875 0.057352941176470586
1 0.521484375 0.5073529411764706 0.068359375 0.5294117647058824
1 0.41845703125 0.5904411764705882 0.0576171875 0.40441176470588236
1 0.36474609375 0.7272058823529411 0.0537109375 0.08088235294117647
3 0.87841796875 0.7602941176470588 0.1123046875 0.052941176470588235
3 0.66357421875 0.8220588235294117 0.0712890625 0.03823529411764706
3 0.65771484375 0.7713235294117647 0.0654296875 0.04852941176470588
3 0.72314453125 0.7536764705882353 0.0556640625 0.054411764705882354
3 0.25048828125 0.7058823529411764 0.0869140625 0.058823529411764705
