3 0.153125 0.5263888888888889 0.26875 0.05
3 0.447265625 0.5347222222222222 0.10078125 0.04722222222222222
3 0.696484375 0.5395833333333333 0.28359375000000003 0.051388888888888894
0 0.296875 0.2791666666666667 0.07968750000000001 0.25
0 0.507421875 0.27847222222222223 0.08203125 0.25972222222222224
0 0.696484375 0.2847222222222222 0.08359375000000001 0.24722222222222223
0 0.8921875 0.28750000000000003 0.08125 0.24444444444444446
0 0.242578125 0.7902777777777779 0.21640625000000002 0.3
0 0.525 0.7868055555555555 0.153125 0.2847222222222222
0 0.703125 0.7826388888888889 0.065625 0.2847222222222222
0 0.884375 0.75 0.1390625 0.21944444444444444
5 0.839453125 0.8541666666666667 0.05390625 0.2777777777777778
