3 0.11572265625 0.17320261437908496 0.1806640625 0.13071895424836602
3 0.4775390625 0.18218954248366015 0.39453125 0.1388888888888889
3 0.85498046875 0.1642156862745098 0.1865234375 0.11601307189542484
0 0.0869140625 0.3937908496732026 0.072265625 0.20261437908496732
0 0.208984375 0.39542483660130723 0.07421875 0.20261437908496732
0 0.40869140625 0.39133986928104575 0.0732421875 0.19771241830065361
0 0.52783203125 0.3880718954248366 0.0732421875 0.20751633986928106
0 0.73974609375 0.39215686274509803 0.0732421875 0.2058823529411765
0 0.86328125 0.3888888888888889 0.06640625 0.19934640522875818
0 0.81787109375 0.7524509803921569 0.2236328125 0.1715686274509804
0 0.1416015625 0.7352941176470589 0.224609375 0.14052287581699346
