3 0.28378378378378377 0.42846270928462704 0.309048178613396 0.0989345509893455
1 0.6374853113983548 0.4490106544901065 0.08108108108108107 0.1035007610350076
2 0.8137485311398355 0.684931506849315 0.309048178613396 0.5235920852359208
0 0.09341950646298472 0.1567732115677321 0.08578143360752057 0.228310502283105
0 0.28495887191539365 0.1552511415525114 0.09518213866039953 0.2313546423135464
0 0.4770857814336075 0.14840182648401826 0.09400705052878966 0.2420091324200913
0 0.7373678025851939 0.1354642313546423 0.06698002350176263 0.2526636225266362
0 0.8660399529964747 0.1324200913242009 0.06345475910693302 0.2526636225266362
0 0.28319623971797886 0.6582952815829528 0.12690951821386603 0.2846270928462709
5 0.08578143360752057 0.7671232876712328 0.09400705052878966 0.2709284627092846
0 0.09753231492361927 0.5601217656012176 0.11750881316098707 0.0821917808219178
