3 0.2032306536438768 0.35475352112676056 0.07738542449286251 0.04753521126760563
3 0.4842223891810669 0.3529929577464789 0.10443275732531931 0.03697183098591549
3 0.6483846731780616 0.3494718309859155 0.1622839969947408 0.06514084507042253
3 0.8617580766341097 0.3485915492957747 0.24793388429752067 0.08450704225352113
1 0.622839969947408 0.4198943661971831 0.018031555221637866 0.10035211267605634
1 0.5330578512396694 0.4841549295774648 0.023290758827948913 0.19014084507042253
3 0.8719008264462811 0.6919014084507042 0.053343350864012026 0.03873239436619719
3 0.9639368895567243 0.6892605633802817 0.05259203606311045 0.040492957746478875
3 0.578512396694215 0.682218309859155 0.06311044327573254 0.03345070422535212
3 0.4906085649887303 0.682218309859155 0.05108940646130729 0.029929577464788734
3 0.3865514650638618 0.6883802816901409 0.06836964688204358 0.024647887323943664
3 0.27836213373403457 0.7024647887323944 0.060856498873027805 0.024647887323943664
3 0.19158527422990235 0.7015845070422535 0.06611570247933884 0.029929577464788734
3 0.09541697971450037 0.7059859154929577 0.07362885048835463 0.024647887323943664
4 0.3936889556724268 0.5422535211267606 0.03906836964688205 0.22887323943661972
4 0.487603305785124 0.5334507042253521 0.049586776859504134 0.2007042253521127
4 0.5762584522915102 0.5422535211267606 0.042073628850488355 0.2359154929577465
4 0.8677685950413223 0.7544014084507042 0.046581517655897825 0.0897887323943662
0 0.11081893313298273 0.5466549295774648 0.0638617580766341 0.2623239436619718
0 0.20060105184072127 0.5378521126760564 0.058602554470323066 0.25880281690140844
0 0.2907588279489106 0.5431338028169014 0.06311044327573254 0.25528169014084506
0 0.3903080390683697 0.5404929577464789 0.053343350864012026 0.25704225352112675
0 0.4883546205860256 0.5325704225352113 0.05709992486851991 0.2482394366197183
0 0.5755071374906086 0.5422535211267606 0.0405709992486852 0.24647887323943662
5 0.6716754320060105 0.6417253521126761 0.06461307287753569 0.23415492957746478
0 0.772351615326822 0.5422535211267606 0.058602554470323066 0.25
0 0.8662659654395192 0.545774647887324 0.06160781367392938 0.24647887323943662
0 0.9552967693463562 0.5413732394366197 0.060856498873027805 0.2517605633802817
0 0.9338842975206612 0.14964788732394366 0.03756574004507889 0.2007042253521127
0 0.845229151014275 0.15492957746478875 0.042073628850488355 0.18661971830985916
0 0.7577009767092412 0.1505281690140845 0.032306536438767845 0.17429577464788734
0 0.6596543951915853 0.1558098591549296 0.03456048084147258 0.18838028169014084
0 0.572877535687453 0.1522887323943662 0.036814425244177315 0.18838028169014084
0 0.4943651389932382 0.14788732394366197 0.03305785123966942 0.18309859154929578
0 0.40458302028549964 0.14612676056338028 0.036814425244177315 0.18309859154929578
0 0.30390683696468823 0.14348591549295775 0.04132231404958678 0.18485915492957747
0 0.21900826446280994 0.1443661971830986 0.039819684447783624 0.19014084507042253
0 0.13298271975957926 0.1426056338028169 0.03906836964688205 0.18661971830985916
