3 0.10727788279773157 0.5103092783505154 0.09357277882797732 0.10515463917525773
3 0.4673913043478261 0.5082474226804123 0.08601134215500945 0.09690721649484536
3 0.7476370510396976 0.5164948453608248 0.38752362948960306 0.09690721649484536
0 0.10680529300567108 0.22989690721649486 0.06427221172022685 0.29896907216494845
0 0.2731568998109641 0.22989690721649486 0.07561436672967864 0.2907216494845361
0 0.43147448015122875 0.23402061855670103 0.07277882797731569 0.2824742268041237
0 0.5727788279773157 0.2443298969072165 0.06994328922495274 0.2948453608247423
0 0.7093572778827978 0.24948453608247423 0.0671077504725898 0.2845360824742268
0 0.9196597353497165 0.24845360824742269 0.06805293005671077 0.27835051546391754
0 0.5727788279773157 0.7298969072164949 0.07183364839319471 0.2061855670103093
0 0.7088846880907372 0.7237113402061855 0.07372400756143667 0.21855670103092784
0 0.9258034026465028 0.6989690721649485 0.05954631379962193 0.16907216494845362
0 0.42013232514177695 0.677319587628866 0.08412098298676748 0.1463917525773196
5 0.0940453686200378 0.7278350515463917 0.1219281663516068 0.288659793814433
