3 0.23177083333333334 0.5340277777777778 0.11979166666666667 0.025462962962962965
3 0.462890625 0.517824074074074 0.12890625 0.034722222222222224
3 0.6875 0.33449074074074076 0.15885416666666666 0.17916666666666667
4 0.19466145833333334 0.6175925925925926 0.06640625 0.05092592592592593
4 0.2735677083333333 0.6175925925925926 0.07161458333333333 0.05092592592592593
4 0.40924479166666666 0.6111111111111112 0.03984375 0.05462962962962963
4 0.5169270833333334 0.6041666666666667 0.044270833333333336 0.061111111111111116
4 0.7048177083333333 0.6706018518518518 0.16328125 0.20601851851851852
1 0.07760416666666667 0.5902777777777778 0.046875 0.15185185185185185
1 0.23151041666666666 0.25810185185185186 0.034375 0.2949074074074074
0 0.06770833333333333 0.3178240740740741 0.046875 0.16435185185185186
0 0.18802083333333333 0.3125 0.049479166666666664 0.17962962962962964
0 0.2975260416666667 0.30671296296296297 0.04296875 0.16064814814814815
0 0.4069010416666667 0.29814814814814816 0.048177083333333336 0.17592592592592593
0 0.51875 0.28935185185185186 0.044270833333333336 0.17500000000000002
0 0.232421875 0.681712962962963 0.16015625 0.20694444444444446
0 0.4596354166666667 0.68125 0.16145833333333334 0.2199074074074074
0 0.7057291666666666 0.6662037037037037 0.16666666666666666 0.2175925925925926
