0 0.1043802423112768 0.3553054662379421 0.07642124883504194 0.19292604501607716
0 0.24417520969245107 0.3609324758842444 0.06710158434296365 0.18488745980707394
0 0.4552656104380242 0.21864951768488747 0.062441752096924506 0.24758842443729903
0 0.5931966449207828 0.2170418006430868 0.05498602050326188 0.24437299035369775
0 0.7362534948741845 0.2162379421221865 0.06150978564771668 0.25562700964630225
0 0.8769804287045666 0.21945337620578778 0.06710158434296365 0.2491961414790997
0 0.09599254426840634 0.7805466237942122 0.07269338303821062 0.2266881028938907
0 0.24697110904007455 0.7837620578778135 0.07455731593662628 0.2170418006430868
0 0.4636533084808947 0.662379421221865 0.06057781919850885 0.21543408360128616
1 0.3699906803355079 0.5562700964630225 0.035414725069897485 0.1639871382636656
3 0.6295433364398881 0.8006430868167203 0.1015843429636533 0.04823151125401929
0 0.6132339235787512 0.657556270096463 0.05405405405405405 0.2057877813504823
0 0.755358807082945 0.6680064308681672 0.06057781919850885 0.21382636655948553
0 0.9016775396085741 0.6639871382636656 0.06616961789375582 0.21221864951768488
