0 0.10863095238095237 0.5739837398373984 0.11607142857142856 0.23089430894308943
0 0.3177083333333333 0.5772357723577236 0.10863095238095237 0.22113821138211381
0 0.3370535714285714 0.15284552845528454 0.1056547619047619 0.22439024390243903
0 0.534970238095238 0.16016260162601625 0.09970238095238095 0.21300813008130082
0 0.7194940476190476 0.16585365853658537 0.09672619047619047 0.22439024390243903
0 0.8973214285714285 0.17479674796747968 0.09821428571428571 0.21951219512195122
0 0.8988095238095237 0.5853658536585366 0.08928571428571427 0.22113821138211381
3 0.7819940476190476 0.8048780487804879 0.22172619047619047 0.061788617886178863
3 0.18675595238095238 0.8073170731707318 0.2693452380952381 0.06991869918699187
0 0.5119047619047619 0.5813008130081301 0.10416666666666666 0.21951219512195122
0 0.7142857142857142 0.5829268292682926 0.09226190476190475 0.23252032520325203
0 0.13913690476190477 0.13821138211382114 0.09672619047619047 0.22439024390243903
