1 0.303515625 0.27199074074074076 0.037760416666666664 0.3023148148148148
1 0.6279947916666666 0.5740740740740741 0.03046875 0.1814814814814815
1 0.86953125 0.5430555555555556 0.04635416666666667 0.17037037037037037
3 0.3809895833333333 0.5192129629629629 0.12239583333333333 0.030092592592592594
3 0.529296875 0.5087962962962963 0.12630208333333334 0.032407407407407406
3 0.9751302083333333 0.4798611111111111 0.04921875 0.034722222222222224
4 0.41901041666666666 0.6069444444444445 0.11666666666666667 0.0462962962962963
4 0.16380208333333332 0.6081018518518518 0.03177083333333333 0.03935185185185185
4 0.26015625 0.2796296296296296 0.03697916666666667 0.037037037037037035
4 0.16901041666666666 0.2898148148148148 0.03333333333333333 0.037037037037037035
4 0.16184895833333332 0.6534722222222222 0.03046875 0.03935185185185185
4 0.16080729166666666 0.6949074074074074 0.032552083333333336 0.04166666666666667
4 0.20677083333333332 0.6037037037037037 0.03697916666666667 0.04166666666666667
4 0.030989583333333334 0.6291666666666667 0.06197916666666667 0.037037037037037035
4 0.030338541666666666 0.674074074074074 0.06067708333333333 0.03518518518518519
4 0.9634114583333333 0.5729166666666667 0.07265625 0.05694444444444444
2 0.7450520833333333 0.6481481481481481 0.184375 0.2490740740740741
0 0.415234375 0.625 0.12369791666666667 0.14444444444444446
0 0.07552083333333333 0.3490740740740741 0.0390625 0.1574074074074074
0 0.165234375 0.3402777777777778 0.04296875 0.16111111111111112
0 0.08776041666666666 0.07986111111111112 0.0390625 0.12638888888888888
0 0.17369791666666667 0.06736111111111111 0.044270833333333336 0.13472222222222222
0 0.2604166666666667 0.32175925925925924 0.0390625 0.1564814814814815
0 0.3671875 0.3164351851851852 0.046875 0.1550925925925926
0 0.46380208333333334 0.3055555555555556 0.04375 0.15833333333333333
0 0.569921875 0.29120370370370374 0.05286458333333333 0.1574074074074074
0 0.6805989583333333 0.28055555555555556 0.05546875 0.16666666666666669
0 0.7973958333333333 0.2638888888888889 0.0546875 0.17500000000000002
0 0.931640625 0.24837962962962964 0.07682291666666667 0.18287037037037038
