3 0.36015625 0.43819444444444444 0.2078125 0.04027777777777778
3 0.736328125 0.4486111111111111 0.14453125 0.03333333333333333
3 0.95859375 0.45208333333333334 0.08125 0.043055555555555555
5 0.6980468750000001 0.8291666666666667 0.08671875000000001 0.2555555555555556
0 0.19921875 0.22916666666666669 0.053125000000000006 0.20555555555555557
0 0.273046875 0.23333333333333334 0.049218750000000006 0.19722222222222224
0 0.448828125 0.23541666666666666 0.049218750000000006 0.19861111111111113
0 0.52109375 0.24027777777777778 0.053125000000000006 0.2
0 0.6980468750000001 0.2423611111111111 0.049218750000000006 0.20416666666666666
0 0.77109375 0.2451388888888889 0.0484375 0.2013888888888889
0 0.9558593750000001 0.24375000000000002 0.05234375 0.2013888888888889
0 0.22578125000000002 0.7069444444444445 0.18281250000000002 0.425
0 0.48281250000000003 0.6534722222222222 0.15937500000000002 0.31527777777777777
0 0.7375 0.6826388888888889 0.16562500000000002 0.3597222222222222
0 0.954296875 0.6645833333333333 0.08671875000000001 0.32916666666666666
