0 0.08 0.24735915492957747 0.06769230769230769 0.31866197183098594
0 0.1976923076923077 0.2605633802816901 0.052307692307692305 0.3098591549295775
0 0.3123076923076923 0.25616197183098594 0.06153846153846154 0.31514084507042256
0 0.42730769230769233 0.25880281690140844 0.06076923076923077 0.323943661971831
0 0.5411538461538462 0.25616197183098594 0.05307692307692308 0.3116197183098592
0 0.6507692307692308 0.2596830985915493 0.052307692307692305 0.3080985915492958
0 0.7703846153846153 0.34242957746478875 0.05 0.1426056338028169
0 0.8896153846153846 0.3397887323943662 0.07 0.15492957746478875
3 0.4523076923076923 0.45422535211267606 0.13692307692307693 0.06690140845070423
3 0.7738461538461539 0.45774647887323944 0.10461538461538461 0.07042253521126761
5 0.05423076923076923 0.8186619718309859 0.06538461538461539 0.34507042253521125
0 0.1819230769230769 0.7570422535211268 0.05923076923076923 0.15845070422535212
0 0.3046153846153846 0.7535211267605634 0.05692307692307692 0.15845070422535212
0 0.425 0.7596830985915494 0.05153846153846154 0.16725352112676056
0 0.5442307692307692 0.7561619718309859 0.05153846153846154 0.1637323943661972
0 0.6638461538461539 0.7455985915492958 0.055384615384615386 0.15316901408450703
0 0.7830769230769231 0.7544014084507042 0.055384615384615386 0.17077464788732394
0 0.905 0.7561619718309859 0.06076923076923077 0.15669014084507044
