3 0.2033112582781457 0.4244482173174873 0.3880794701986755 0.166383701188455
1 0.9218543046357616 0.5882852292020373 0.09801324503311258 0.0967741935483871
1 0.9291390728476822 0.7028862478777589 0.09403973509933775 0.06791171477079797
1 0.9079470198675497 0.764855687606112 0.06754966887417219 0.03904923599320883
0 0.06887417218543046 0.1731748726655348 0.07152317880794702 0.1426146010186757
0 0.20397350993377483 0.1774193548387097 0.07152317880794702 0.14431239388794567
0 0.33841059602649004 0.17826825127334464 0.06490066225165562 0.1460101867572156
0 0.5602649006622517 0.18675721561969438 0.05827814569536424 0.1697792869269949
0 0.6635761589403973 0.18845500848896435 0.05562913907284768 0.1629881154499151
0 0.7695364238410596 0.20458404074702885 0.052980132450331126 0.15110356536502548
2 0.7986754966887417 0.8438030560271647 0.15894039735099338 0.2546689303904924
5 0.5629139072847682 0.8276740237691002 0.05562913907284768 0.19524617996604415
0 0.06622516556291391 0.6307300509337861 0.07152317880794702 0.20543293718166383
0 0.20794701986754968 0.631578947368421 0.07682119205298013 0.21731748726655348
0 0.33973509933774837 0.6290322580645161 0.06754966887417219 0.20203735144312393
0 0.5695364238410596 0.532258064516129 0.05562913907284768 0.14770797962648557
0 0.6675496688741722 0.5348047538200339 0.05562913907284768 0.1494057724957555
0 0.7788079470198676 0.5390492359932089 0.06622516556291391 0.15110356536502548
