3 0.24381368267831152 0.4879699248120301 0.2430858806404658 0.07067669172932331
3 0.7627365356622999 0.48947368421052634 0.3318777292576419 0.10075187969924812
5 0.15211062590975255 0.7751879699248121 0.1091703056768559 0.281203007518797
0 0.1564774381368268 0.1962406015037594 0.12663755458515286 0.27518796992481204
0 0.4141193595342067 0.2067669172932331 0.11499272197962154 0.281203007518797
0 0.6870451237263465 0.22255639097744362 0.12227074235807861 0.26165413533834586
0 0.9155749636098981 0.2285714285714286 0.11062590975254731 0.26766917293233083
0 0.3835516739446871 0.6796992481203008 0.14992721979621543 0.28571428571428575
0 0.6542940320232897 0.6834586466165414 0.09170305676855896 0.281203007518797
0 0.8558951965065502 0.6804511278195489 0.12809315866084425 0.26917293233082706
