3 0.4387442572741195 0.6765601217656012 0.2679938744257274 0.0654490106544901
3 0.5627871362940275 0.7488584474885844 0.06278713629402757 0.060882800608828
3 0.3215926493108729 0.7488584474885844 0.07350689127105667 0.060882800608828
4 0.2312404287901991 0.5692541856925418 0.08575803981623277 0.121765601217656
4 0.6960183767228177 0.5730593607305936 0.08728943338437979 0.1202435312024353
4 0.22664624808575806 0.8150684931506849 0.09188361408882083 0.1232876712328767
4 0.7029096477794794 0.8135464231354642 0.08269525267993874 0.1202435312024353
4 0.8973966309341501 0.8181126331811263 0.07044410413476264 0.1171993911719939
0 0.2304747320061256 0.16210045662100456 0.0995405819295559 0.2207001522070015
0 0.4402756508422665 0.17275494672754946 0.0995405819295559 0.2085235920852359
0 0.7029096477794794 0.1856925418569254 0.10719754977029097 0.2009132420091324
0 0.8981623277182236 0.1902587519025875 0.08116385911179173 0.197869101978691
0 0.44104134762634 0.5410958904109588 0.09494640122511486 0.2024353120243531
0 0.2335375191424196 0.5342465753424657 0.08422664624808576 0.1948249619482496
0 0.6967840735068913 0.5441400304414002 0.09188361408882083 0.1963470319634703
0 0.886676875957121 0.5464231354642313 0.0551301684532925 0.182648401826484
0 0.22434915773353753 0.8181126331811263 0.09647779479326188 0.1415525114155251
5 0.4349157733537519 0.8417047184170472 0.09800918836140889 0.182648401826484
0 0.7059724349157733 0.819634703196347 0.110260336906585 0.1598173515981735
0 0.9019908116385912 0.8226788432267884 0.10413476263399694 0.1476407914764079
