1 0.22635933806146571 0.40499040307101725 0.05319148936170213 0.1689059500959693
3 0.1595744680851064 0.4059500959692898 0.09574468085106383 0.05566218809980806
3 0.05998817966903073 0.40115163147792704 0.07033096926713948 0.061420345489443376
3 0.3614066193853428 0.43570057581573896 0.0726950354609929 0.06525911708253358
3 0.46867612293144206 0.44337811900191937 0.07092198581560283 0.053742802303262956
3 0.6090425531914894 0.43378119001919385 0.07387706855791962 0.061420345489443376
1 0.8619976359338061 0.5441458733205374 0.03959810874704492 0.14395393474088292
1 0.7638888888888888 0.5508637236084453 0.028959810874704492 0.1689059500959693
0 0.05585106382978723 0.17178502879078694 0.0384160756501182 0.2514395393474088
0 0.12618203309692672 0.1871401151631478 0.03723404255319149 0.255278310940499
0 0.20124113475177305 0.1852207293666027 0.03723404255319149 0.26295585412667943
0 0.2700945626477541 0.1871401151631478 0.03664302600472813 0.2476007677543186
0 0.3625886524822695 0.21976967370441458 0.028959810874704492 0.22072936660268713
0 0.43203309692671393 0.21209213051823417 0.034278959810874705 0.2514395393474088
0 0.5065011820330969 0.20441458733205373 0.02718676122931442 0.22840690978886755
0 0.5726950354609929 0.1948176583493282 0.02718676122931442 0.22456813819577734
0 0.642434988179669 0.21497120921305182 0.028368794326241134 0.21497120921305182
0 0.7133569739952719 0.21017274472168906 0.02718676122931442 0.23224568138195775
0 0.8002364066193853 0.19385796545105566 0.031914893617021274 0.19961612284069097
0 0.8788416075650118 0.21785028790786948 0.02364066193853428 0.2476007677543186
0 0.9456264775413712 0.21017274472168906 0.022458628841607563 0.23224568138195775
5 0.8726359338061466 0.763915547024952 0.04314420803782506 0.2533589251439539
2 0.7969858156028369 0.6775431861804222 0.08333333333333333 0.43761996161228406
5 0.27275413711583923 0.6785028790786948 0.053782505910165486 0.41266794625719766
