0 0.173828125 0.3902777777777778 0.06484375 0.19166666666666668
0 0.298046875 0.39375 0.05859375 0.2013888888888889
0 0.41953125 0.39722222222222225 0.060937500000000006 0.19444444444444445
0 0.538671875 0.3944444444444445 0.06015625 0.19722222222222224
0 0.6550781250000001 0.3902777777777778 0.05234375 0.20277777777777778
0 0.78046875 0.38958333333333334 0.05625 0.20694444444444446
0 0.9046875000000001 0.3840277777777778 0.0734375 0.2013888888888889
0 0.894140625 0.06805555555555556 0.06640625 0.13611111111111113
0 0.77109375 0.06736111111111111 0.060937500000000006 0.13472222222222222
0 0.653515625 0.06875 0.055468750000000004 0.1375
0 0.5375 0.07083333333333333 0.059375000000000004 0.14166666666666666
0 0.41914062500000004 0.06805555555555556 0.055468750000000004 0.13611111111111113
0 0.30507812500000003 0.06666666666666667 0.047656250000000004 0.13333333333333333
0 0.187890625 0.06458333333333334 0.05390625 0.12916666666666668
0 0.287890625 0.7409722222222223 0.06640625 0.2013888888888889
0 0.417578125 0.7340277777777778 0.06484375 0.2013888888888889
0 0.58203125 0.7465277777777778 0.1203125 0.2125
0 0.80234375 0.7319444444444445 0.0671875 0.19166666666666668
3 0.8617187500000001 0.5930555555555556 0.1875 0.044444444444444446
3 0.6058593750000001 0.6027777777777777 0.10234375000000001 0.03888888888888889
3 0.357421875 0.6062500000000001 0.14140625 0.029166666666666667
5 0.162890625 0.7847222222222222 0.07421875 0.2555555555555556
1 0.258984375 0.6055555555555556 0.017968750000000002 0.05555555555555556
5 0.926953125 0.8076388888888889 0.06953125 0.2125
5 0.67109375 0.7986111111111112 0.0578125 0.21944444444444444
