3 0.240251572327044 0.5948905109489051 0.1509433962264151 0.16204379562043794
0 0.15345911949685534 0.3576642335766423 0.07547169811320754 0.13722627737226276
0 0.3471698113207547 0.3693430656934306 0.0779874213836478 0.14306569343065692
0 0.350314465408805 0.11094890510948904 0.07169811320754717 0.15182481751824817
0 0.1641509433962264 0.10875912408759124 0.07421383647798742 0.15620437956204378
5 0.24276729559748428 0.7788321167883211 0.12578616352201258 0.19124087591240874
0 0.560377358490566 0.38832116788321164 0.07169811320754717 0.11094890510948904
0 0.559748427672956 0.15985401459854012 0.07044025157232704 0.14452554744525548
0 0.7157232704402515 0.16642335766423358 0.0779874213836478 0.14306569343065692
0 0.8685534591194968 0.17226277372262772 0.07169811320754717 0.1313868613138686
0 0.5641509433962264 0.5948905109489051 0.08176100628930817 0.10072992700729927
