3 0.17594108019639934 0.5113851992409867 0.08183306055646482 0.07400379506641366
3 0.3293780687397709 0.5113851992409867 0.2037643207855974 0.08159392789373814
3 0.5936988543371522 0.5066413662239089 0.12029459901800328 0.08349146110056926
3 0.8731587561374796 0.5132827324478179 0.12765957446808512 0.0967741935483871
2 0.9402618657937807 0.7419354838709677 0.06873977086743044 0.32637571157495254
0 0.12643207855973815 0.2836812144212524 0.048281505728314245 0.222011385199241
0 0.23363338788870705 0.28178368121442127 0.045008183306055646 0.21062618595825428
0 0.33592471358428805 0.27988614800759015 0.046644844517184945 0.21821631878557876
0 0.4365793780687398 0.2874762808349146 0.05319148936170213 0.22580645161290322
0 0.5380523731587562 0.2874762808349146 0.045008183306055646 0.222011385199241
0 0.6370703764320786 0.2808349146110057 0.045008183306055646 0.21631878557874762
0 0.7364975450081833 0.27703984819734345 0.0458265139116203 0.22011385199240988
0 0.8359247135842881 0.2760910815939279 0.046644844517184945 0.21062618595825428
0 0.9312602291325696 0.27988614800759015 0.03927986906710311 0.20683111954459205
0 0.43739770867430444 0.7258064516129032 0.05810147299509002 0.25616698292220114
0 0.5360065466448446 0.7296015180265655 0.05564648117839607 0.24857685009487668
0 0.6354337152209493 0.7296015180265655 0.05810147299509002 0.25616698292220114
0 0.8367430441898528 0.722011385199241 0.05482815057283143 0.25996204933586337
