0 0.14082098061573547 0.15972222222222224 0.07411630558722919 0.14267676767676768
3 0.2023945267958951 0.6534090909090909 0.2725199543899658 0.06691919191919192
3 0.20695553021664767 0.7039141414141414 0.07183580387685291 0.03156565656565657
3 0.47605473204104903 0.6590909090909092 0.12200684150513114 0.05303030303030303
3 0.9116305587229191 0.6578282828282829 0.12428734321550741 0.05555555555555556
0 0.2765108323831243 0.15909090909090912 0.06727480045610035 0.13131313131313133
0 0.44070695553021666 0.1628787878787879 0.06499429874572406 0.12121212121212122
0 0.6220068415051312 0.16856060606060608 0.07183580387685291 0.125
0 0.8238312428734322 0.1609848484848485 0.07411630558722919 0.12752525252525254
0 0.8654503990877993 0.43434343434343436 0.09350057012542759 0.16414141414141414
0 0.6488027366020525 0.4387626262626263 0.08437856328392246 0.15782828282828285
0 0.4555302166476625 0.43813131313131315 0.08323831242873432 0.15404040404040406
0 0.28107183580387685 0.44002525252525254 0.08095781071835804 0.15782828282828285
0 0.13511972633979477 0.43623737373737376 0.08095781071835804 0.16540404040404041
0 0.12428734321550741 0.783459595959596 0.07753705815279362 0.16540404040404041
5 0.29247434435575825 0.8371212121212122 0.07867730900798175 0.2575757575757576
0 0.4794754846066135 0.7840909090909092 0.08779931584948689 0.16414141414141414
5 0.6892816419612315 0.8131313131313131 0.10832383124287344 0.24242424242424243
0 0.927023945267959 0.783459595959596 0.1071835803876853 0.17297979797979798
