0 0.15918367346938778 0.4704472843450479 0.10204081632653061 0.15814696485623003
0 0.3948979591836735 0.7827476038338658 0.11224489795918369 0.194888178913738
0 0.6234693877551021 0.7763578274760383 0.1285714285714286 0.1757188498402556
0 0.8602040816326532 0.7707667731629393 0.14081632653061227 0.17092651757188498
5 0.15204081632653063 0.8258785942492013 0.12448979591836735 0.23003194888178913
3 0.629591836734694 0.6605431309904153 0.6142857142857143 0.05910543130990415
0 0.37959183673469393 0.4696485623003195 0.10612244897959185 0.16293929712460065
0 0.6020408163265306 0.4672523961661342 0.1142857142857143 0.16134185303514376
0 0.8183673469387756 0.4656549520766773 0.11020408163265308 0.16134185303514376
0 0.16122448979591839 0.18690095846645366 0.0979591836734694 0.14696485623003194
0 0.36938775510204086 0.17891373801916932 0.09387755102040818 0.14696485623003194
0 0.5785714285714286 0.1733226837060703 0.09591836734693879 0.14536741214057508
0 0.7918367346938776 0.1717252396166134 0.1142857142857143 0.15495207667731628
