3 0.280078125 0.39166666666666666 0.23671875 0.06666666666666667
3 0.47187500000000004 0.3979166666666667 0.060937500000000006 0.07083333333333333
3 0.6742187500000001 0.3993055555555556 0.2578125 0.0763888888888889
5 0.47421875 0.8270833333333334 0.1328125 0.3263888888888889
4 0.4734375 0.5159722222222223 0.1171875 0.08194444444444444
4 0.47421875 0.6118055555555556 0.115625 0.09861111111111112
4 0.73203125 0.5166666666666667 0.13125 0.07777777777777778
4 0.23203125000000002 0.5090277777777777 0.125 0.07916666666666666
0 0.219140625 0.6541666666666667 0.15078125 0.39166666666666666
0 0.7347656250000001 0.6666666666666667 0.12734375 0.3888888888888889
0 0.24375000000000002 0.17152777777777778 0.1 0.22361111111111112
0 0.47890625000000003 0.18194444444444446 0.1 0.21666666666666667
0 0.7214843750000001 0.18125 0.10234375000000001 0.22083333333333335
0 0.9500000000000001 0.18333333333333335 0.09843750000000001 0.225
