1 0.16206896551724137 0.4579728059332509 0.06896551724137931 0.12237330037082818
3 0.5650862068965518 0.35352286773794805 0.3129310344827586 0.08158220024721878
3 0.805603448275862 0.36093943139678614 0.15086206896551724 0.061804697156983925
0 0.04525862068965517 0.12855377008652658 0.08017241379310344 0.207663782447466
0 0.3228448275862069 0.12978986402966625 0.08189655172413793 0.21013597033374534
0 0.4866379310344828 0.13473423980222496 0.075 0.2126081582200247
0 0.6504310344827586 0.1402966625463535 0.07327586206896551 0.2064276885043263
0 0.7991379310344827 0.1545117428924598 0.05862068965517241 0.21013597033374534
0 0.9456896551724138 0.16007416563658836 0.05344827586206896 0.19653893695920888
0 0.8219827586206896 0.5315203955500618 0.09224137931034483 0.24969097651421507
0 0.655603448275862 0.5364647713226205 0.09051724137931035 0.25463535228677375
5 0.9599137931034483 0.6872682323856613 0.07844827586206897 0.2645241038318912
0 0.4836206896551724 0.5346106304079109 0.0793103448275862 0.24845488257107537
0 0.3129310344827586 0.5333745364647713 0.09310344827586206 0.24351050679851666
0 0.03103448275862069 0.5333745364647713 0.06206896551724138 0.19901112484548825
0 0.4814655172413793 0.7972805933250926 0.08362068965517241 0.09888751545117427
0 0.6581896551724138 0.7880098887515451 0.09051724137931035 0.09270704573547589
0 0.8293103448275861 0.7824474660074165 0.08448275862068966 0.08405438813349814
