1 0.07829046898638427 0.37299771167048057 0.15052950075642965 0.17391304347826086
3 0.6770045385779123 0.2974828375286041 0.22995461422087746 0.17620137299771166
0 0.5703479576399395 0.5715102974828375 0.08774583963691376 0.2986270022883295
0 0.787821482602118 0.5663615560640732 0.11119515885022693 0.30205949656750575
0 0.7742057488653555 0.07379862700228833 0.0930408472012103 0.14759725400457666
0 0.5661875945537065 0.09324942791762014 0.08245083207261725 0.18649885583524028
0 0.3861573373676248 0.10755148741418764 0.06883509833585477 0.1945080091533181
0 0.22428139183055976 0.13844393592677345 0.06278366111951589 0.18993135011441648
0 0.0816944024205749 0.16933638443935928 0.0453857791225416 0.16475972540045766
0 0.06959152798789713 0.5577803203661327 0.05143721633888049 0.2528604118993135
0 0.21898638426626324 0.5657894736842105 0.06127080181543117 0.2505720823798627
5 0.38388804841149776 0.6567505720823799 0.07639939485627836 0.2494279176201373
