0 0.252734375 0.26180555555555557 0.06015625 0.21805555555555556
0 0.37812500000000004 0.2743055555555556 0.059375000000000004 0.22916666666666669
0 0.507421875 0.26458333333333334 0.06171875 0.22083333333333335
0 0.6375000000000001 0.2638888888888889 0.06406250000000001 0.225
0 0.767578125 0.26180555555555557 0.06640625 0.23750000000000002
0 0.9046875000000001 0.2569444444444445 0.0734375 0.22777777777777777
1 0.8382812500000001 0.45 0.05 0.225
2 0.708984375 0.725 0.20703125 0.35555555555555557
0 0.441015625 0.6791666666666667 0.19140625 0.2555555555555556
3 0.26796875000000003 0.4777777777777778 0.5359375000000001 0.08055555555555556
0 0.058984375000000006 0.27361111111111114 0.10390625 0.225
0 0.073046875 0.6659722222222223 0.14609375 0.20694444444444446
5 0.9109375000000001 0.7479166666666667 0.0859375 0.25416666666666665
