3 0.33228070175438595 0.27173913043478265 0.14526315789473684 0.08567774936061381
3 0.6259649122807017 0.3062659846547315 0.15999999999999998 0.054987212276214836
3 0.9070175438596491 0.3280051150895141 0.14526315789473684 0.08056265984654733
3 0.8617543859649122 0.5907928388746804 0.08421052631578947 0.05882352941176471
3 0.8722807017543859 0.8043478260869565 0.10385964912280701 0.04347826086956522
3 0.7442105263157894 0.7998721227621484 0.10736842105263157 0.0421994884910486
3 0.615438596491228 0.5856777493606139 0.19929824561403509 0.0741687979539642
3 0.35298245614035084 0.5696930946291561 0.08701754385964912 0.06010230179028134
1 0.11894736842105262 0.34654731457800514 0.061052631578947365 0.4347826086956522
1 0.12070175438596491 0.6170076726342711 0.042105263157894736 0.08567774936061381
1 0.10771929824561402 0.6892583120204604 0.04982456140350877 0.07161125319693096
4 0.19859649122807016 0.673913043478261 0.03929824561403508 0.0741687979539642
4 0.3501754385964912 0.6841432225063939 0.03368421052631579 0.08184143222506395
4 0.616140350877193 0.6943734015345269 0.04350877192982456 0.0639386189258312
0 0.21438596491228068 0.13107416879795397 0.06947368421052631 0.18797953964194375
0 0.347719298245614 0.1483375959079284 0.05964912280701754 0.18414322250639387
0 0.4782456140350877 0.16176470588235295 0.05964912280701754 0.18286445012787725
0 0.6010526315789473 0.1847826086956522 0.061052631578947365 0.180306905370844
0 0.7136842105263157 0.19181585677749363 0.06456140350877193 0.18158567774936063
0 0.8147368421052631 0.21291560102301793 0.04771929824561403 0.16751918158567777
0 0.9192982456140351 0.22890025575447573 0.0575438596491228 0.17135549872122763
0 0.2063157894736842 0.41560102301790286 0.05052631578947368 0.1483375959079284
0 0.3182456140350877 0.4239130434782609 0.04842105263157894 0.15728900255754477
0 0.3887719298245614 0.42327365728900257 0.04070175438596491 0.1483375959079284
0 0.4863157894736842 0.4354219948849105 0.042105263157894736 0.14194373401534527
0 0.5810526315789474 0.44437340153452687 0.03508771929824561 0.12915601023017903
0 0.6396491228070175 0.45204603580562663 0.03859649122807017 0.1265984654731458
0 0.7259649122807017 0.45843989769820975 0.041403508771929824 0.1368286445012788
0 0.8161403508771929 0.46163682864450134 0.03508771929824561 0.14066496163682865
0 0.867719298245614 0.46483375959079287 0.035789473684210524 0.1317135549872123
0 0.9491228070175438 0.4661125319693095 0.03719298245614035 0.1265984654731458
0 0.19298245614035087 0.6969309462915602 0.060350877192982454 0.2071611253196931
0 0.3484210526315789 0.6943734015345269 0.05824561403508771 0.1969309462915601
0 0.49122807017543857 0.6898976982097187 0.05333333333333333 0.19309462915601025
0 0.6168421052631579 0.6982097186700768 0.051929824561403506 0.19181585677749363
0 0.743157894736842 0.6930946291560103 0.04070175438596491 0.1687979539641944
0 0.8463157894736841 0.6943734015345269 0.046315789473684206 0.17135549872122763
