3 0.5667475728155339 0.49814471243042674 0.18203883495145629 0.061224489795918366
3 0.8458737864077669 0.49814471243042674 0.0849514563106796 0.0463821892393321
3 0.09466019417475727 0.4907235621521336 0.04126213592233009 0.06493506493506494
0 0.10072815533980582 0.274582560296846 0.17718446601941745 0.274582560296846
0 0.33191747572815533 0.27736549165120594 0.09587378640776698 0.2541743970315399
0 0.5643203883495145 0.2690166975881262 0.17718446601941745 0.274582560296846
0 0.8276699029126213 0.2782931354359926 0.17961165048543687 0.27087198515769945
0 0.8507281553398057 0.6966604823747681 0.18689320388349512 0.287569573283859
5 0.7785194174757281 0.7588126159554731 0.05946601941747572 0.24118738404452691
5 0.6334951456310679 0.7532467532467533 0.04854368932038834 0.2300556586270872
0 0.5649271844660194 0.6892393320964749 0.17839805825242716 0.2504638218923933
5 0.33191747572815533 0.7504638218923934 0.10558252427184465 0.2541743970315399
0 0.091626213592233 0.673469387755102 0.17354368932038833 0.2634508348794063
