0 0.2078125 0.32430555555555557 0.0578125 0.2152777777777778
0 0.39765625000000004 0.3215277777777778 0.05625 0.19861111111111113
0 0.515625 0.31319444444444444 0.05625 0.20694444444444446
0 0.6375000000000001 0.3027777777777778 0.060937500000000006 0.20277777777777778
0 0.76171875 0.2986111111111111 0.059375000000000004 0.20555555555555557
0 0.20390625 0.7000000000000001 0.06875 0.20277777777777778
0 0.45742187500000003 0.6902777777777778 0.14453125 0.20555555555555557
0 0.6996093750000001 0.6826388888888889 0.14140625 0.20416666666666666
3 0.23164062500000002 0.5645833333333333 0.18046875 0.034722222222222224
3 0.458984375 0.5597222222222222 0.11171875 0.036111111111111115
3 0.700390625 0.5541666666666667 0.13671875 0.03333333333333333
