3 0.143387314439946 0.4673721340388007 0.13967611336032387 0.07407407407407407
3 0.3556005398110661 0.47178130511463845 0.13090418353576247 0.08289241622574955
3 0.5489203778677463 0.47530864197530864 0.09784075573549257 0.054673721340388004
3 0.7810391363022942 0.38271604938271603 0.16531713900134953 0.07760141093474426
3 0.9355600539811065 0.3871252204585538 0.08704453441295547 0.07583774250440917
0 0.11943319838056679 0.1490299823633157 0.059379217273954114 0.26631393298059963
0 0.22874493927125505 0.15696649029982362 0.059379217273954114 0.2716049382716049
0 0.36133603238866396 0.15961199294532627 0.05060728744939271 0.25925925925925924
0 0.48043184885290147 0.18077601410934743 0.044534412955465584 0.26278659611992944
0 0.6012145748987854 0.18342151675485008 0.044534412955465584 0.24691358024691357
0 0.7219973009446693 0.19753086419753085 0.03778677462887989 0.2292768959435626
0 0.8093792172739541 0.19929453262786595 0.04251012145748988 0.2257495590828924
0 0.9048582995951416 0.2054673721340388 0.055330634278002694 0.24867724867724866
0 0.7331309041835358 0.6622574955908289 0.04655870445344129 0.24162257495590828
0 0.828272604588394 0.6657848324514991 0.04520917678812415 0.2310405643738977
0 0.9274628879892037 0.6666666666666666 0.05060728744939271 0.21869488536155202
5 0.4838056680161943 0.7839506172839505 0.05668016194331984 0.2204585537918871
0 0.21558704453441294 0.6358024691358024 0.054655870445344125 0.21693121693121692
0 0.3562753036437247 0.6481481481481481 0.04993252361673414 0.2275132275132275
0 0.6076248313090418 0.6437389770723103 0.04655870445344129 0.20458553791887124
