3 0.295703125 0.44328703703703703 0.10286458333333333 0.031018518518518518
3 0.39036458333333335 0.43865740740740744 0.0828125 0.02638888888888889
3 0.6169270833333333 0.42476851851851855 0.08541666666666667 0.04490740740740741
4 0.49713541666666666 0.607638888888889 0.03958333333333333 0.06620370370370371
1 0.225 0.4668981481481482 0.0265625 0.11342592592592593
0 0.08515625 0.3252314814814815 0.041666666666666664 0.1375
2 0.12395833333333334 0.6273148148148149 0.12552083333333333 0.2
0 0.18229166666666666 0.3263888888888889 0.0390625 0.14444444444444446
0 0.2747395833333333 0.3212962962962963 0.041666666666666664 0.14814814814814814
0 0.374609375 0.31365740740740744 0.04348958333333333 0.14675925925925926
0 0.3723958333333333 0.5909722222222222 0.049479166666666664 0.12268518518518519
0 0.49505208333333334 0.5884259259259259 0.04635416666666667 0.13425925925925927
0 0.7216145833333333 0.5740740740740741 0.04479166666666667 0.13055555555555556
0 0.8307291666666666 0.5740740740740741 0.0546875 0.14444444444444446
0 0.9479166666666666 0.5729166666666667 0.049479166666666664 0.1328703703703704
0 0.49309895833333334 0.30717592592592596 0.04244791666666667 0.15046296296296297
0 0.6141927083333333 0.29814814814814816 0.04244791666666667 0.1527777777777778
0 0.7140625 0.2974537037037037 0.046875 0.1449074074074074
0 0.8231770833333333 0.28425925925925927 0.04739583333333333 0.1574074074074074
0 0.9354166666666667 0.2738425925925926 0.057291666666666664 0.15972222222222224
