3 0.5075187969924811 0.05060034305317324 0.5112781954887218 0.07375643224699828
3 0.5808270676691729 0.42195540308747853 0.68796992481203 0.05831903945111492
0 0.10714285714285714 0.25471698113207547 0.07644110275689223 0.1732418524871355
0 0.2606516290726817 0.24356775300171526 0.07518796992481203 0.19897084048027444
0 0.4072681704260651 0.25471698113207547 0.06516290726817042 0.20754716981132076
0 0.537593984962406 0.24356775300171526 0.05263157894736842 0.18867924528301885
0 0.6961152882205514 0.24442538593481988 0.07393483709273183 0.1869639794168096
0 0.8345864661654134 0.24957118353344768 0.07017543859649122 0.19725557461406518
0 0.3890977443609022 0.6878216123499142 0.29448621553884713 0.17152658662092624
5 0.08082706766917293 0.62778730703259 0.07393483709273183 0.26758147512864494
