1 0.043042071197411005 0.26692307692307693 0.03171521035598705 0.2784615384615385
1 0.039805825242718446 0.5161538461538462 0.04724919093851133 0.18615384615384614
3 0.6407766990291263 0.45 0.5190938511326861 0.14307692307692307
1 0.9346278317152104 0.47846153846153844 0.0634304207119741 0.16
0 0.15566343042071198 0.25 0.05372168284789644 0.22923076923076924
0 0.3268608414239482 0.2469230769230769 0.056957928802589 0.22615384615384615
0 0.4576051779935275 0.26 0.05177993527508091 0.2
0 0.5838187702265373 0.26076923076923075 0.05566343042071197 0.24461538461538462
0 0.7110032362459547 0.26153846153846155 0.0511326860841424 0.23692307692307693
0 0.8388349514563107 0.25846153846153846 0.056957928802589 0.24307692307692308
5 0.8478964401294499 0.7053846153846154 0.07896440129449839 0.33076923076923076
5 0.5864077669902913 0.7092307692307692 0.07378640776699029 0.3292307692307692
0 0.459546925566343 0.6569230769230769 0.05307443365695793 0.2246153846153846
5 0.32588996763754047 0.7046153846153846 0.06925566343042071 0.31076923076923074
2 0.14854368932038836 0.7015384615384616 0.15728155339805824 0.36
