3 0.35859375000000004 0.4152777777777778 0.4703125 0.07777777777777778
1 0.63203125 0.4041666666666667 0.034375 0.2138888888888889
2 0.7625000000000001 0.70625 0.2703125 0.4763888888888889
5 0.521875 0.7631944444444445 0.0703125 0.3013888888888889
0 0.520703125 0.5347222222222222 0.06640625 0.14722222222222223
0 0.291796875 0.7069444444444445 0.20390625 0.24722222222222223
0 0.21875 0.14583333333333334 0.0765625 0.2916666666666667
0 0.369921875 0.14097222222222222 0.07578125000000001 0.28194444444444444
0 0.5171875 0.14652777777777778 0.078125 0.29305555555555557
0 0.675 0.14166666666666666 0.078125 0.2833333333333333
0 0.8558593750000001 0.13958333333333334 0.07734375 0.2791666666666667
