1 0.1951388888888889 0.40390625 0.0763888888888889 0.421875
3 0.5743055555555556 0.5476562500000001 0.7152777777777778 0.07500000000000001
2 0.5118055555555556 0.74375 0.48194444444444445 0.28125
0 0.3729166666666667 0.35000000000000003 0.14027777777777778 0.14375000000000002
0 0.6263888888888889 0.350390625 0.11944444444444445 0.13671875
0 0.9104166666666667 0.34765625 0.15416666666666667 0.1390625
0 0.882638888888889 0.11171875 0.1513888888888889 0.1234375
0 0.6152777777777778 0.114453125 0.14166666666666666 0.11328125
0 0.37777777777777777 0.117578125 0.125 0.11328125
0 0.09305555555555556 0.11679687500000001 0.12222222222222223 0.11953125
0 0.07291666666666667 0.35195312500000003 0.14583333333333334 0.14609375
