3 0.15466101694915255 0.591688654353562 0.19576271186440677 0.09366754617414248
3 0.3911016949152542 0.5903693931398417 0.18389830508474575 0.09894459102902374
3 0.7817796610169492 0.5329815303430079 0.3720338983050847 0.07387862796833773
1 0.5038135593220339 0.25131926121372034 0.044915254237288135 0.3390501319261214
0 0.1673728813559322 0.22031662269129287 0.11610169491525424 0.26912928759894456
0 0.38940677966101694 0.22427440633245382 0.10762711864406779 0.26649076517150394
0 0.6245762711864407 0.25395778364116095 0.06949152542372881 0.24142480211081793
0 0.7512711864406779 0.2546174142480211 0.0635593220338983 0.22427440633245382
0 0.9004237288135593 0.25659630606860157 0.07033898305084746 0.24406332453825857
0 0.20720338983050846 0.7816622691292876 0.08050847457627118 0.19129287598944592
0 0.0961864406779661 0.7803430079155672 0.08220338983050847 0.18865435356200527
0 0.6322033898305085 0.6813984168865435 0.07457627118644068 0.23350923482849603
0 0.9127118644067796 0.6781002638522428 0.07796610169491525 0.21899736147757254
