1 0.33437500000000003 0.5 0.07375 0.15151515151515152
3 0.645 0.5287081339712919 0.245 0.0685805422647528
3 0.15937500000000002 0.569377990430622 0.10875 0.06379585326953748
4 0.47000000000000003 0.6666666666666666 0.085 0.1467304625199362
4 0.65375 0.6682615629984051 0.09 0.16905901116427433
4 0.86875 0.6610845295055822 0.09 0.14832535885167464
0 0.17125 0.2503987240829346 0.1075 0.20414673046251994
0 0.45437500000000003 0.2527910685805423 0.10875 0.2025518341307815
0 0.666875 0.25199362041467305 0.10125 0.20095693779904306
0 0.881875 0.2503987240829346 0.09875 0.1977671451355662
0 0.47500000000000003 0.6682615629984051 0.1 0.1850079744816587
0 0.6525 0.6690590111642744 0.095 0.18660287081339713
0 0.869375 0.6682615629984051 0.09375 0.17543859649122806
5 0.21125 0.7392344497607656 0.1275 0.2759170653907496
