3 0.49680306905370847 0.6121495327102804 0.14705882352941177 0.03426791277258567
3 0.7199488491048593 0.6214953271028038 0.03836317135549872 0.04984423676012461
3 0.07352941176470588 0.6098130841121495 0.1317135549872123 0.0264797507788162
4 0.260230179028133 0.75 0.07544757033248083 0.09501557632398754
0 0.26534526854219953 0.4306853582554517 0.09590792838874682 0.21962616822429906
0 0.48017902813299235 0.4501557632398754 0.16751918158567777 0.21806853582554517
0 0.7026854219948849 0.47118380062305293 0.15217391304347827 0.20093457943925233
0 0.8759590792838875 0.4820872274143302 0.09207161125319693 0.20093457943925233
0 0.842071611253197 0.1970404984423676 0.06010230179028134 0.13862928348909656
0 0.719309462915601 0.1838006230529595 0.04987212276214834 0.1526479750778816
0 0.6214833759590793 0.16666666666666666 0.061381074168797956 0.14018691588785046
0 0.5210997442455243 0.15498442367601245 0.06521739130434784 0.15109034267912771
0 0.421994884910486 0.13473520249221183 0.07161125319693096 0.14485981308411214
0 0.270460358056266 0.11214953271028037 0.07033248081841433 0.1557632398753894
0 0.0850383631713555 0.4532710280373832 0.09079283887468031 0.2118380062305296
0 0.5006393861892584 0.7686915887850467 0.170076726342711 0.22274143302180685
0 0.280690537084399 0.764797507788162 0.1061381074168798 0.2367601246105919
0 0.07033248081841433 0.7757009345794392 0.09462915601023018 0.2554517133956386
0 0.7237851662404092 0.7585669781931464 0.1739130434782609 0.205607476635514
