3 0.17903645833333334 0.6627314814814815 0.07161458333333333 0.020833333333333336
3 0.3860677083333333 0.6604166666666667 0.10026041666666667 0.020833333333333336
3 0.6885416666666666 0.6636574074074074 0.1359375 0.030092592592592594
3 0.838671875 0.6527777777777778 0.02734375 0.036111111111111115
3 0.9776041666666666 0.6381944444444445 0.030729166666666665 0.05324074074074074
0 0.05755208333333333 0.1303240740740741 0.04375 0.09953703703703703
0 0.18815104166666666 0.14050925925925928 0.045572916666666664 0.09953703703703703
0 0.3453125 0.1300925925925926 0.04739583333333333 0.11111111111111112
0 0.44231770833333334 0.13356481481481483 0.05130208333333333 0.11805555555555557
0 0.5709635416666666 0.1625 0.04296875 0.12962962962962962
0 0.6877604166666667 0.14814814814814814 0.04635416666666667 0.09351851851851853
0 0.8001302083333334 0.1474537037037037 0.037760416666666664 0.09953703703703703
0 0.8694010416666667 0.1476851851851852 0.03723958333333333 0.11111111111111112
0 0.979296875 0.1488425925925926 0.04088541666666667 0.09953703703703703
0 0.054296875 0.32060185185185186 0.04244791666666667 0.10787037037037038
0 0.187109375 0.32939814814814816 0.04609375 0.10416666666666667
0 0.44166666666666665 0.33217592592592593 0.05 0.10046296296296296
0 0.5725260416666667 0.3402777777777778 0.03984375 0.11018518518518519
0 0.6845052083333333 0.3402777777777778 0.04609375 0.11018518518518519
0 0.7971354166666667 0.344212962962963 0.03854166666666667 0.1087962962962963
0 0.8674479166666667 0.34444444444444444 0.03333333333333333 0.10185185185185186
0 0.9799479166666667 0.34699074074074077 0.03958333333333333 0.1050925925925926
0 0.183203125 0.5388888888888889 0.04088541666666667 0.10648148148148148
0 0.33815104166666665 0.5305555555555556 0.05130208333333333 0.11574074074074074
0 0.438671875 0.5347222222222222 0.05078125 0.10740740740740741
0 0.5712239583333333 0.5335648148148149 0.04244791666666667 0.10324074074074074
0 0.687109375 0.5393518518518519 0.04765625 0.09814814814814815
0 0.7971354166666667 0.5412037037037037 0.03333333333333333 0.10185185185185186
0 0.87265625 0.5497685185185185 0.034375 0.10787037037037038
0 0.9803385416666667 0.5488425925925926 0.038802083333333334 0.08935185185185185
0 0.387890625 0.8013888888888889 0.11067708333333333 0.1574074074074074
0 0.68359375 0.7840277777777778 0.08333333333333333 0.1087962962962963
