3 0.4755003450655625 0.47491039426523296 0.27191166321601107 0.05854241338112306
3 0.8512767425810904 0.48148148148148145 0.158040027605245 0.07407407407407407
3 0.10317460317460318 0.4767025089605734 0.1621808143547274 0.07168458781362007
0 0.0831608005521049 0.2694145758661888 0.061421670117322295 0.2019115890083632
0 0.24085576259489302 0.27120669056152924 0.06349206349206349 0.20549581839904418
0 0.3947550034506556 0.27240143369175623 0.062111801242236024 0.19593787335722818
0 0.5510697032436163 0.27120669056152924 0.06556245686680469 0.20071684587813618
0 0.7077294685990339 0.27240143369175623 0.06556245686680469 0.20071684587813618
0 0.8685300207039338 0.27060931899641577 0.06418219461697723 0.2043010752688172
0 0.8881987577639752 0.6714456391875746 0.07453416149068323 0.2222222222222222
0 0.7187715665976536 0.6672640382317802 0.0697032436162871 0.2281959378733572
0 0.5610766045548654 0.6678614097968937 0.07453416149068323 0.2270011947431302
0 0.39682539682539686 0.6726403823178017 0.06349206349206349 0.2270011947431302
0 0.23464458247066944 0.6678614097968937 0.06901311249137336 0.2198327359617682
0 0.0697032436162871 0.6732377538829152 0.06349206349206349 0.2281959378733572
