3 0.230859375 0.59375 0.021614583333333333 0.033796296296296297
3 0.3548177083333333 0.5956018518518519 0.11328125 0.025462962962962965
3 0.5065104166666666 0.5925925925925926 0.049479166666666664 0.024074074074074074
3 0.6768229166666666 0.5949074074074074 0.07083333333333333 0.026851851851851852
3 0.80859375 0.5960648148148149 0.0546875 0.024537037037037038
4 0.316796875 0.6939814814814815 0.03307291666666667 0.06481481481481481
4 0.23385416666666667 0.6335648148148149 0.0390625 0.016203703703703703
0 0.3963541666666667 0.4601851851851852 0.036458333333333336 0.11574074074074074
0 0.466015625 0.46342592592592596 0.03515625 0.12962962962962962
0 0.538671875 0.47175925925925927 0.03567708333333333 0.12962962962962962
0 0.6096354166666667 0.4706018518518519 0.03697916666666667 0.12268518518518519
0 0.6763020833333333 0.46990740740740744 0.03125 0.13055555555555556
0 0.7450520833333333 0.47222222222222227 0.03697916666666667 0.1212962962962963
0 0.8033854166666666 0.4756944444444445 0.03125 0.11435185185185186
0 0.8664062499999999 0.4814814814814815 0.033854166666666664 0.11666666666666667
0 0.9210937499999999 0.48726851851851855 0.03125 0.12361111111111112
0 0.3182291666666667 0.6775462962962964 0.041666666666666664 0.12268518518518519
0 0.39479166666666665 0.6712962962962963 0.05520833333333333 0.12407407407407407
0 0.4686197916666667 0.6712962962962963 0.048177083333333336 0.12407407407407407
0 0.541015625 0.6724537037037037 0.045572916666666664 0.11898148148148148
0 0.6106770833333334 0.6493055555555556 0.041666666666666664 0.08657407407407408
0 0.7444010416666667 0.6770833333333334 0.03828125 0.11435185185185186
0 0.8733072916666667 0.6430555555555556 0.03046875 0.05555555555555556
0 0.9321614583333333 0.6648148148148149 0.037760416666666664 0.11111111111111112
