0 0.10836501901140684 0.10465116279069767 0.04334600760456273 0.10755813953488372
1 0.853231939163498 0.40915697674418605 0.10038022813688212 0.4375
0 0.938403041825095 0.6140988372093024 0.07756653992395436 0.1875
0 0.7288973384030418 0.09956395348837209 0.05855513307984791 0.10610465116279069
0 0.5771863117870722 0.1119186046511628 0.03650190114068441 0.11046511627906977
0 0.2741444866920152 0.10901162790697674 0.05551330798479087 0.12209302325581395
0 0.09885931558935361 0.33502906976744184 0.048669201520912544 0.1438953488372093
0 0.26996197718631176 0.3393895348837209 0.05931558935361216 0.11773255813953488
0 0.43840304182509504 0.33648255813953487 0.049429657794676805 0.12645348837209303
0 0.5870722433460076 0.3328488372093023 0.053231939163498096 0.12209302325581395
0 0.738403041825095 0.33066860465116277 0.05931558935361216 0.14680232558139536
0 0.8958174904942965 0.32994186046511625 0.05171102661596958 0.11918604651162791
0 0.0806083650190114 0.6111918604651163 0.07604562737642585 0.18459302325581395
0 0.4418250950570342 0.6162790697674418 0.06387832699619772 0.18895348837209303
0 0.6003802281368821 0.6126453488372093 0.06920152091254753 0.1816860465116279
0 0.7642585551330798 0.6155523255813954 0.07452471482889733 0.17877906976744184
0 0.794296577946768 0.8917151162790697 0.07376425855513308 0.10901162790697674
0 0.4444866920152091 0.8902616279069767 0.07224334600760456 0.10610465116279069
