3 0.7743333333333333 0.251 0.222 0.10400000000000001
4 0.7526666666666666 0.371 0.132 0.062
4 0.21166666666666667 0.28150000000000003 0.158 0.061
4 0.4036666666666667 0.4945 0.08333333333333333 0.217
4 0.21366666666666667 0.5155 0.07666666666666666 0.169
4 0.03133333333333333 0.424 0.05733333333333333 0.08600000000000001
0 0.043 0.447 0.086 0.47000000000000003
0 0.214 0.4655 0.18 0.47700000000000004
0 0.4013333333333333 0.46 0.11599999999999999 0.47800000000000004
0 0.753 0.3675 0.15533333333333332 0.111
5 0.7593333333333333 0.6145 0.16 0.367
