3 0.4609494640122512 0.5 0.03981623277182236 0.10556621880998081
3 0.7415773353751914 0.4990403071017274 0.16156202143950996 0.0690978886756238
3 0.9509954058192956 0.49040307101727443 0.03981623277182236 0.08637236084452975
3 0.11753445635528331 0.32629558541266795 0.2090352220520674 0.061420345489443376
1 0.24732006125574274 0.42994241842610365 0.0551301684532925 0.12667946257197696
2 0.32695252679938747 0.4942418426103647 0.10872894333843798 0.5508637236084453
0 0.06240428790199081 0.18330134357005756 0.032924961715160794 0.182341650671785
0 0.1332312404287902 0.18809980806142035 0.03828483920367535 0.1689059500959693
0 0.2098009188361409 0.18426103646833014 0.02756508422664625 0.16122840690978887
0 0.4712863705972435 0.3378119001919386 0.032924961715160794 0.1689059500959693
0 0.5440275650842267 0.3291746641074856 0.03445635528330781 0.16314779270633398
0 0.6424196018376723 0.3378119001919386 0.03828483920367535 0.1765834932821497
0 0.7450229709035222 0.33397312859884837 0.03828483920367535 0.19577735124760076
0 0.8533690658499234 0.3291746641074856 0.02526799387442573 0.1746641074856046
0 0.9479326186830016 0.32821497120921306 0.036753445635528334 0.19193857965451055
