3 0.12341137123745818 0.35468956406869223 0.07692307692307691 0.18626155878467635
3 0.34882943143812706 0.3652575957727873 0.23210702341137124 0.11756935270805813
3 0.7494983277591973 0.39365918097754293 0.43545150501672236 0.10039630118890357
0 0.14280936454849497 0.1737120211360634 0.06622073578595318 0.1809775429326288
0 0.2946488294314381 0.19418758256274768 0.0608695652173913 0.1928665785997358
0 0.4377926421404682 0.2001321003963012 0.056856187290969896 0.178335535006605
0 0.5709030100334448 0.21400264200792601 0.05284280936454849 0.18758256274768825
0 0.703010033444816 0.22523117569352707 0.05351170568561873 0.16776750330250992
0 0.8214046822742475 0.23249669749009247 0.048160535117056855 0.1690885072655218
0 0.9270903010033444 0.24240422721268165 0.048160535117056855 0.15984147952443858
5 0.9297658862876254 0.6908850726552179 0.04280936454849498 0.285336856010568
0 0.8247491638795986 0.6367239101717305 0.04147157190635451 0.18229854689564068
0 0.6953177257525083 0.6446499339498019 0.05418060200668896 0.20079260237780713
0 0.5692307692307692 0.6446499339498019 0.049498327759197325 0.20343461030383092
0 0.4357859531772575 0.6420079260237781 0.05418060200668896 0.20079260237780713
0 0.288628762541806 0.6367239101717305 0.06220735785953177 0.19815059445178335
0 0.13979933110367893 0.6406869220607662 0.07090301003344482 0.2166446499339498
