3 0.33071428571428574 0.40795287187039764 0.29428571428571426 0.09131075110456553
3 0.6203571428571428 0.47569955817378495 0.22785714285714287 0.06480117820324005
0 0.085 0.17083946980854198 0.11285714285714285 0.28865979381443296
0 0.3525 0.16126656848306334 0.12071428571428572 0.2960235640648012
0 0.6185714285714285 0.1634756995581738 0.11857142857142858 0.3004418262150221
0 0.8921428571428571 0.1715758468335788 0.12428571428571429 0.3166421207658321
0 0.8975 0.6531664212076583 0.12357142857142857 0.25184094256259204
5 0.6196428571428572 0.6796759941089838 0.125 0.337260677466863
5 0.08035714285714286 0.6892488954344624 0.11357142857142857 0.3181148748159057
0 0.3514285714285714 0.6332842415316642 0.12 0.2385861561119293
