3 0.35017730496453897 0.3893709327548807 0.6365248226950354 0.12364425162689806
3 0.938386524822695 0.3958785249457701 0.09840425531914894 0.07592190889370933
0 0.09840425531914894 0.17570498915401303 0.05851063829787234 0.2646420824295011
0 0.24069148936170212 0.17787418655097614 0.05230496453900709 0.2603036876355748
0 0.3882978723404255 0.18329718004338397 0.051418439716312055 0.24078091106290672
0 0.5079787234042553 0.19305856832971802 0.054964539007092195 0.26898047722342733
0 0.6471631205673759 0.18980477223427333 0.04609929078014184 0.25379609544468545
0 0.7810283687943262 0.19739696312364427 0.047872340425531915 0.25162689804772237
0 0.9268617021276595 0.19414316702819956 0.05939716312056737 0.25379609544468545
5 0.9476950354609929 0.7006507592190889 0.10283687943262411 0.25162689804772237
0 0.6533687943262411 0.6626898047722343 0.06560283687943262 0.16702819956616052
0 0.387854609929078 0.6670281995661606 0.06471631205673758 0.16268980477223427
0 0.23714539007092197 0.6767895878524945 0.06648936170212766 0.16052060737527116
0 0.08732269503546099 0.6735357917570499 0.06826241134751773 0.17570498915401303
