3 0.7058311575282854 0.46193265007320644 0.5674499564838991 0.11566617862371889
2 0.13881636205395997 0.6749633967789166 0.18015665796344646 0.5095168374816984
0 0.05657093124456049 0.14128843338213765 0.07658833768494343 0.212298682284041
0 0.22454308093994776 0.1486090775988287 0.0731070496083551 0.19765739385065886
0 0.4660574412532637 0.24816983894582723 0.0670147954743255 0.22986822840409957
0 0.614012184508268 0.25036603221083453 0.06005221932114883 0.22547584187408493
0 0.7515230635335074 0.25768667642752563 0.058311575282854654 0.2225475841874085
0 0.9177545691906005 0.25768667642752563 0.06179286335944299 0.23133235724743778
0 0.4682332463011314 0.7701317715959004 0.0557006092254134 0.32503660322108346
0 0.752828546562228 0.7620790629575402 0.0557006092254134 0.33821376281112736
0 0.6100957354221062 0.7650073206442167 0.04699738903394256 0.3235724743777453
