3 0.07075098814229248 0.44165316045380876 0.12569169960474308 0.0826580226904376
3 0.24071146245059288 0.452998379254457 0.14782608695652175 0.08914100486223663
3 0.3984189723320158 0.44732576985413286 0.10434782608695652 0.06482982171799027
3 0.558498023715415 0.4497568881685575 0.1541501976284585 0.06645056726094004
3 0.8818181818181818 0.44894651539708263 0.19367588932806323 0.06482982171799027
3 0.6960474308300395 0.4359805510534846 0.043478260869565216 0.07779578606158832
5 0.24229249011857706 0.7965964343598054 0.07984189723320158 0.3225283630470016
0 0.07312252964426877 0.20664505672609398 0.07509881422924901 0.2739059967585089
0 0.24782608695652172 0.21231766612641814 0.07351778656126483 0.2625607779578606
0 0.42371541501976284 0.22285251215559157 0.06640316205533597 0.25121555915721233
0 0.5600790513833992 0.21880064829821716 0.06877470355731226 0.2593192868719611
0 0.6936758893280632 0.2293354943273906 0.062450592885375494 0.24797406807131278
0 0.8264822134387352 0.2358184764991896 0.06719367588932806 0.26094003241491087
0 0.9521739130434782 0.24068071312803888 0.06086956521739131 0.26418152350081037
0 0.07035573122529644 0.7414910858995137 0.07588932806324111 0.2252836304700162
0 0.8142292490118577 0.7050243111831442 0.08379446640316206 0.2820097244732577
5 0.6992094861660079 0.8306320907617504 0.06086956521739131 0.2771474878444084
