3 0.140139751552795 0.4213709677419355 0.1576086956521739 0.08064516129032258
3 0.42352484472049684 0.41431451612903225 0.07531055900621117 0.06653225806451613
3 0.7395186335403726 0.4254032258064516 0.12810559006211178 0.07661290322580645
0 0.04386645962732919 0.1935483870967742 0.042701863354037264 0.2217741935483871
0 0.14906832298136646 0.6290322580645161 0.20496894409937888 0.22983870967741934
0 0.1343167701863354 0.20766129032258063 0.037267080745341616 0.2379032258064516
0 0.2247670807453416 0.2066532258064516 0.04425465838509317 0.22782258064516128
0 0.42391304347826086 0.20766129032258063 0.040372670807453416 0.22983870967741934
0 0.5038819875776397 0.21068548387096775 0.03881987577639751 0.2157258064516129
0 0.578416149068323 0.21471774193548387 0.037267080745341616 0.19959677419354838
0 0.656055900621118 0.21774193548387097 0.03260869565217391 0.20564516129032256
0 0.7340838509316769 0.22580645161290322 0.03183229813664596 0.21370967741935484
0 0.8043478260869564 0.21975806451612903 0.03105590062111801 0.1975806451612903
0 0.8749999999999999 0.21875 0.03416149068322981 0.19959677419354838
0 0.9452639751552795 0.22681451612903225 0.024068322981366456 0.2036290322580645
0 0.6665372670807453 0.592741935483871 0.055124223602484465 0.20161290322580644
0 0.42507763975155277 0.6189516129032258 0.10481366459627328 0.2096774193548387
