1 0.047112462006079034 0.44817658349328215 0.06382978723404256 0.15930902111324374
3 0.7122593718338399 0.11900191938579655 0.3242147922998987 0.08445297504798464
3 0.7173252279635259 0.4568138195777351 0.3323201621073962 0.13435700575815737
0 0.5800405268490375 0.7533589251439539 0.059777102330293826 0.22456813819577734
0 0.7274569402228978 0.755278310940499 0.06281661600810537 0.22072936660268713
0 0.8733535967578522 0.7648752399232246 0.06281661600810537 0.21305182341650672
0 0.5694022289766971 0.28502879078694815 0.060790273556231005 0.23224568138195775
0 0.7223910840932118 0.28502879078694815 0.06484295845997974 0.2437619961612284
0 0.869807497467072 0.2840690978886756 0.06990881458966566 0.23416506717850288
2 0.24265450861195545 0.8071017274472169 0.1955420466058764 0.381957773512476
