1 0.19261083743842364 0.4162062615101289 0.06600985221674877 0.20257826887661143
5 0.1399014778325123 0.6860036832412524 0.08472906403940886 0.30386740331491713
5 0.325615763546798 0.6915285451197054 0.07389162561576354 0.2928176795580111
5 0.7182266009852216 0.6795580110497238 0.08669950738916256 0.2983425414364641
3 0.4305418719211822 0.43554327808471455 0.37044334975369453 0.11602209944751382
3 0.8162561576354679 0.4281767955801105 0.2827586206896551 0.10128913443830571
0 0.13448275862068965 0.16482504604051565 0.0857142857142857 0.21915285451197053
0 0.33497536945812806 0.1721915285451197 0.08669950738916256 0.2265193370165746
0 0.5216748768472906 0.1721915285451197 0.0857142857142857 0.21915285451197053
0 0.7177339901477832 0.17863720073664827 0.07980295566502463 0.2099447513812155
0 0.9029556650246304 0.18047882136279927 0.08374384236453201 0.20626151012891344
0 0.9073891625615763 0.6114180478821363 0.07684729064039408 0.20257826887661143
0 0.522167487684729 0.6095764272559853 0.08275862068965517 0.2136279926335175
