3 0.4704861111111111 0.5041224970553592 0.19652777777777777 0.1083627797408716
3 0.9444444444444445 0.5064782096584216 0.10972222222222222 0.11071849234393404
1 0.8920138888888889 0.3150765606595995 0.05625 0.26501766784452296
1 0.035763888888888894 0.39988221436984683 0.07152777777777779 0.2061248527679623
4 0.3704861111111111 0.6590106007067137 0.11319444444444444 0.17314487632508832
0 0.14375000000000002 0.1330977620730271 0.08611111111111111 0.24499411071849234
0 0.3729166666666667 0.13898704358068315 0.09166666666666667 0.2614840989399293
0 0.5725694444444445 0.14134275618374556 0.09236111111111112 0.26383981154299174
0 0.7756944444444445 0.1354534746760895 0.09444444444444444 0.270906949352179
0 0.9645833333333333 0.14487632508833923 0.06944444444444445 0.254416961130742
0 0.3663194444444445 0.7120141342756183 0.11736111111111111 0.28857479387514723
0 0.5732638888888889 0.7090694935217903 0.12152777777777778 0.27561837455830385
0 0.7815972222222223 0.7055359246171966 0.12152777777777778 0.2826855123674911
0 0.9586805555555556 0.7096584216725559 0.07569444444444445 0.28150765606595995
