3 0.4568158168574402 0.544392523364486 0.20395421436004163 0.08878504672897196
3 0.8204994797086369 0.5432242990654205 0.07388137356919876 0.07710280373831775
0 0.04890738813735693 0.3212616822429906 0.06243496357960458 0.2733644859813084
0 0.16857440166493237 0.3259345794392523 0.060353798126951096 0.26401869158878505
0 0.281477627471384 0.32943925233644855 0.06139438085327784 0.24299065420560745
0 0.3933402705515089 0.3189252336448598 0.06243496357960458 0.26401869158878505
0 0.5104058272632674 0.3282710280373832 0.059313215400624356 0.25934579439252337
0 0.6253902185223725 0.3317757009345794 0.060353798126951096 0.27102803738317754
0 0.7481789802289283 0.330607476635514 0.06451612903225808 0.26401869158878505
0 0.8636836628511968 0.3235981308411215 0.05411030176899064 0.25934579439252337
5 0.16233090530697192 0.7663551401869159 0.06867845993756504 0.26635514018691586
0 0.2783558792924038 0.7616822429906541 0.05515088449531738 0.24299065420560745
0 0.3943808532778356 0.7581775700934579 0.06243496357960458 0.2453271028037383
0 0.5109261186264309 0.7394859813084111 0.05619146722164413 0.1939252336448598
0 0.6274713839750261 0.7429906542056074 0.05619146722164413 0.19626168224299065
