3 0.20037593984962407 0.4505208333333333 0.3315789473684211 0.03993055555555555
1 0.5954887218045113 0.640625 0.02706766917293233 0.07291666666666666
3 0.674436090225564 0.703125 0.10977443609022557 0.09375
3 0.8706766917293234 0.6857638888888888 0.20150375939849624 0.0625
0 0.07481203007518797 0.2690972222222222 0.04285714285714286 0.19791666666666666
0 0.16090225563909774 0.265625 0.04360902255639098 0.2048611111111111
0 0.2571428571428572 0.2586805555555555 0.03759398496240602 0.19444444444444442
0 0.3390977443609023 0.2560763888888889 0.04511278195488722 0.21006944444444442
0 0.4729323308270677 0.2578125 0.10075187969924812 0.19965277777777776
0 0.6413533834586467 0.09895833333333333 0.05714285714285715 0.19791666666666666
0 0.7503759398496241 0.10590277777777778 0.030075187969924814 0.18402777777777776
0 0.8225563909774437 0.10677083333333333 0.04511278195488722 0.18229166666666666
0 0.899248120300752 0.10069444444444443 0.04210526315789474 0.19444444444444442
0 0.9270676691729324 0.5043402777777778 0.052631578947368425 0.2517361111111111
0 0.8439849624060151 0.501736111111111 0.05488721804511278 0.2534722222222222
0 0.7736842105263159 0.5026041666666666 0.04210526315789474 0.24826388888888887
0 0.6567669172932331 0.4991319444444444 0.05488721804511278 0.2517361111111111
0 0.11015037593984964 0.5616319444444444 0.1330827067669173 0.109375
0 0.29398496240601507 0.5581597222222222 0.13082706766917293 0.12326388888888888
0 0.46804511278195493 0.65625 0.08345864661654136 0.0625
