3 0.3155996393146979 0.40846047156726767 0.2885482416591524 0.10957004160887657
1 0.9472497745716861 0.40221914008321774 0.08025247971145176 0.14701803051317613
4 0.7917042380522993 0.7073509015256588 0.0757439134355275 0.12482662968099861
4 0.4873760144274121 0.7052704576976422 0.06943192064923354 0.11789181692094314
4 0.17177637511271415 0.7108183079056866 0.06943192064923354 0.11511789181692095
0 0.08791704238052299 0.21914008321775313 0.07664562669071234 0.23300970873786409
0 0.2506762849413886 0.2156726768377254 0.0811541929666366 0.23439667128987518
0 0.4102795311091073 0.22468793342579751 0.08476104598737601 0.23300970873786409
0 0.5653742110009017 0.22330097087378642 0.0775473399458972 0.22191400832177532
0 0.7168620378719567 0.2156726768377254 0.0811541929666366 0.231622746185853
0 0.8737601442741207 0.22260748959778087 0.0775473399458972 0.20943134535367547
0 0.7980162308385933 0.6588072122052705 0.18935978358881875 0.2579750346740638
0 0.48422001803426507 0.659500693481276 0.18394950405770963 0.24826629680998613
0 0.16681695220919746 0.6615811373092927 0.18755635707844903 0.23855755894590847
