0 0.15326251896813353 0.37981269510926124 0.10318664643399089 0.1352757544224766
0 0.1638846737481032 0.11134235171696151 0.10015174506828528 0.12486992715920917
0 0.3915022761760243 0.10926118626430802 0.10015174506828528 0.12486992715920917
0 0.6115326251896813 0.10093652445369408 0.09711684370257967 0.12903225806451615
0 0.8376327769347497 0.09729448491155047 0.10318664643399089 0.12382934443288243
0 0.3907435508345979 0.3777315296566077 0.10470409711684371 0.14151925078043706
1 0.5227617602427921 0.28772112382934445 0.0409711684370258 0.37981269510926124
0 0.6176024279210925 0.3735691987513008 0.11229135053110774 0.14360041623309056
0 0.8490136570561457 0.36680541103017694 0.10166919575113809 0.14880332986472425
0 0.1479514415781487 0.6420395421436005 0.10470409711684371 0.1331945889698231
0 0.38467374810318666 0.6378772112382936 0.11077389984825493 0.14151925078043706
0 0.6213960546282246 0.6363163371488034 0.11987860394537178 0.14672216441207078
0 0.8649468892261002 0.639958376690947 0.1244309559939302 0.1331945889698231
0 0.1274658573596358 0.8792924037460979 0.10622154779969652 0.10613943808532779
0 0.37784522003034904 0.8792924037460979 0.11836115326251898 0.11654526534859522
3 0.2511380880121396 0.77159209157128 0.456752655538695 0.036420395421436005
3 0.874051593323217 0.7679500520291364 0.23672230652503795 0.03329864724245578
0 0.8854324734446131 0.8824141519250781 0.13201820940819423 0.11446409989594174
