3 0.21527777777777776 0.6033690658499234 0.3663194444444444 0.04900459418070444
3 0.7621527777777778 0.6049004594180705 0.2552083333333333 0.06125574272588055
3 0.4995659722222222 0.7549770290964778 0.1015625 0.0551301684532925
1 0.4366319444444444 0.6807044410413476 0.01909722222222222 0.1638591117917305
5 0.6710069444444444 0.830781010719755 0.048611111111111105 0.21592649310872894
5 0.5021701388888888 0.8905053598774886 0.05815972222222222 0.21592649310872894
5 0.3359375 0.8139356814701378 0.057291666666666664 0.24349157733537521
0 0.8394097222222222 0.8093415007656968 0.08854166666666666 0.25267993874425726
0 0.1579861111111111 0.8070444104134763 0.09722222222222221 0.2450229709035222
0 0.17057291666666666 0.44793261868300155 0.08940972222222222 0.1638591117917305
0 0.17317708333333331 0.14931087289433384 0.09288194444444443 0.14854517611026033
0 0.3389756944444444 0.15773353751914243 0.05815972222222222 0.1562021439509954
0 0.3381076388888889 0.4525267993874426 0.056423611111111105 0.15773353751914243
0 0.6640625 0.4448698315467075 0.059027777777777776 0.1638591117917305
0 0.8237847222222222 0.44869831546707506 0.09201388888888888 0.16232771822358347
0 0.8203125 0.15926493108728945 0.08854166666666666 0.14701378254211334
0 0.661892361111111 0.1531393568147014 0.06163194444444444 0.15007656967840735
0 0.4991319444444444 0.3437978560490046 0.05381944444444444 0.6875957120980092
