3 0.5059453032104637 0.37808417997097243 0.8573127229488703 0.07692307692307693
1 0.034482758620689655 0.36429608127721336 0.047562425683709865 0.3686502177068215
5 0.12068965517241378 0.7242380261248186 0.09393579072532698 0.2931785195936139
0 0.14090368608799048 0.16037735849056603 0.10344827586206895 0.2220609579100145
0 0.3912009512485136 0.17053701015965167 0.09750297265160522 0.2104499274310595
0 0.6296076099881094 0.1792452830188679 0.09155766944114149 0.20754716981132076
0 0.863258026159334 0.18722786647314948 0.10463733650416171 0.21190130624092887
0 0.3876337693222354 0.6291727140783745 0.10463733650416171 0.262699564586357
0 0.6426872770511296 0.6291727140783745 0.11058263971462544 0.24818577648766327
0 0.8941736028537455 0.6328011611030478 0.1070154577883472 0.2467343976777939
