0 0.09311224489795918 0.2418096723868955 0.11479591836734693 0.27769110764430577
0 0.33864795918367346 0.25195007800312014 0.10841836734693877 0.2698907956318253
0 0.5848214285714285 0.25585023400936036 0.09566326530612244 0.26521060842433697
0 0.8360969387755102 0.2589703588143526 0.11607142857142856 0.2745709828393136
0 0.8762755102040816 0.7355694227769111 0.12499999999999999 0.28549141965678626
0 0.35905612244897955 0.733229329173167 0.11862244897959183 0.28081123244929795
0 0.09566326530612244 0.7371294851794072 0.11989795918367346 0.2917316692667707
3 0.3596938775510204 0.5054602184087363 0.08163265306122448 0.0717628705148206
3 0.625 0.5187207488299532 0.2627551020408163 0.0483619344773791
5 0.6211734693877551 0.8018720748829954 0.12499999999999999 0.296411856474259
