3 0.22149122807017543 0.34834123222748814 0.21842105263157896 0.10900473933649289
3 0.7403508771929824 0.34913112164297 0.24210526315789474 0.09162717219589257
0 0.23728070175438598 0.17298578199052134 0.0956140350877193 0.20695102685624012
0 0.44166666666666665 0.18009478672985782 0.09210526315789473 0.20853080568720378
0 0.6403508771929824 0.18009478672985782 0.0824561403508772 0.20537124802527645
0 0.8421052631578948 0.18404423380726698 0.07719298245614035 0.20063191153238547
0 0.437280701754386 0.5876777251184834 0.08508771929824561 0.30015797788309634
0 0.6421052631578947 0.5853080568720379 0.09473684210526316 0.31437598736176936
5 0.2131578947368421 0.6018957345971564 0.0912280701754386 0.3823064770932069
5 0.8552631578947368 0.6026856240126383 0.10526315789473685 0.37756714060031593
