3 0.4371750433275563 0.2728 0.5641247833622184 0.1008
3 0.8587521663778163 0.5816 0.2339688041594454 0.0656
3 0.559792027729636 0.5840000000000001 0.29809358752166376 0.054400000000000004
3 0.613951473136915 0.7264 0.04592720970537261 0.08320000000000001
0 0.1967071057192374 0.45120000000000005 0.05545927209705372 0.1888
2 0.2270363951473137 0.8344 0.2045060658578856 0.31520000000000004
5 0.5511265164644714 0.8256 0.06759098786828423 0.23040000000000002
0 0.3119584055459272 0.4544 0.04852686308492201 0.192
0 0.4302426343154246 0.4544 0.05459272097053726 0.1728
0 0.5480935875216637 0.4576 0.047660311958405546 0.1824
0 0.6659445407279029 0.456 0.042461005199306755 0.17600000000000002
0 0.7755632582322357 0.456 0.04852686308492201 0.1792
0 0.8934142114384748 0.456 0.04332755632582322 0.1696
0 0.8765164644714037 0.1704 0.05632582322357019 0.136
0 0.7681975736568457 0.1656 0.04592720970537261 0.1328
0 0.658578856152513 0.16 0.04332755632582322 0.112
0 0.5493934142114384 0.16640000000000002 0.05025996533795494 0.128
0 0.43934142114384744 0.1584 0.04506065857885615 0.1184
0 0.3279896013864818 0.16640000000000002 0.04419410745233968 0.1312
0 0.44974003466204504 0.7984 0.11091854419410745 0.1952
5 0.8071923743500866 0.8312 0.059792027729636044 0.2192
0 0.9272097053726169 0.8016000000000001 0.06065857885615251 0.1888
