3 0.575390625 0.4673611111111111 0.08671875000000001 0.043055555555555555
3 0.74921875 0.4708333333333333 0.146875 0.05277777777777778
2 0.375 0.6993055555555556 0.20468750000000002 0.3597222222222222
1 0.184375 0.4708333333333333 0.035937500000000004 0.11111111111111112
0 0.31093750000000003 0.20277777777777778 0.0703125 0.23611111111111113
0 0.13398437500000002 0.2729166666666667 0.05390625 0.22083333333333335
0 0.440234375 0.20833333333333334 0.06640625 0.22777777777777777
0 0.570703125 0.20416666666666666 0.06484375 0.23333333333333334
0 0.703125 0.20277777777777778 0.060937500000000006 0.22222222222222224
0 0.833984375 0.20486111111111113 0.06484375 0.22916666666666669
0 0.9640625 0.20625000000000002 0.0625 0.2263888888888889
0 0.7781250000000001 0.68125 0.15625 0.19583333333333333
0 0.5734375 0.675 0.059375000000000004 0.18055555555555555
3 0.97578125 0.46458333333333335 0.035937500000000004 0.06527777777777778
