1 0.23544303797468355 0.373728813559322 0.12151898734177216 0.16779661016949152
3 0.1590717299578059 0.5576271186440678 0.1780590717299578 0.1152542372881356
3 0.4459915611814346 0.5661016949152542 0.3248945147679325 0.12542372881355932
3 0.7856540084388186 0.5686440677966101 0.27341772151898736 0.10677966101694915
3 0.7991561181434599 0.18728813559322033 0.25316455696202533 0.09661016949152543
1 0.809282700421941 0.4313559322033898 0.0540084388185654 0.17457627118644067
1 0.6033755274261603 0.2864406779661017 0.04725738396624472 0.37966101694915255
0 0.3729957805907173 0.38220338983050844 0.06919831223628692 0.25254237288135595
0 0.19324894514767932 0.3813559322033898 0.07088607594936709 0.2576271186440678
0 0.5476793248945148 0.37796610169491524 0.0759493670886076 0.25084745762711863
0 0.7236286919831224 0.37457627118644066 0.07341772151898734 0.2711864406779661
0 0.8928270042194093 0.37966101694915255 0.06244725738396625 0.2542372881355932
0 0.8886075949367088 0.7576271186440677 0.06075949367088608 0.1864406779661017
0 0.5472573839662447 0.7516949152542373 0.07679324894514768 0.1711864406779661
0 0.18565400843881857 0.7491525423728813 0.07257383966244726 0.16610169491525423
