3 0.4466553767993226 0.2764331210191083 0.7358171041490262 0.16050955414012738
1 0.8467400508044031 0.25414012738853503 0.07112616426756985 0.22038216560509552
4 0.37214225232853515 0.6165605095541401 0.07874682472480948 0.2700636942675159
0 0.42675698560541914 0.610828025477707 0.5859441151566469 0.2917197452229299
0 0.8873835732430143 0.5929936305732484 0.2235393734123624 0.3146496815286624
0 0.15664690939881457 0.14394904458598726 0.06773920406435224 0.08662420382165605
0 0.2743437764606266 0.1484076433121019 0.05080440304826418 0.08280254777070063
0 0.6020321761219305 0.14522292993630573 0.05080440304826418 0.09171974522292993
0 0.04572396274343776 0.14203821656050955 0.05080440304826418 0.08535031847133757
0 0.8755292125317528 0.09235668789808917 0.03725656223539373 0.057324840764331204
0 0.9555461473327688 0.09171974522292993 0.04487722269263336 0.06369426751592357
5 0.8264182895850973 0.6917197452229299 0.08806096528365791 0.2802547770700637
5 0.04487722269263336 0.6840764331210191 0.0829805249788315 0.3184713375796178
