3 0.39594594594594595 0.4487632508833922 0.27297297297297296 0.0636042402826855
3 0.6222972972972973 0.4328621908127208 0.07972972972972973 0.09187279151943463
0 0.17972972972972973 0.2535335689045936 0.05405405405405406 0.2137809187279152
0 0.3202702702702703 0.25530035335689044 0.08648648648648649 0.2067137809187279
0 0.47094594594594597 0.24646643109540636 0.07702702702702703 0.2137809187279152
0 0.6216216216216217 0.2508833922261484 0.08108108108108109 0.20494699646643108
0 0.7635135135135136 0.19876325088339222 0.10270270270270271 0.2597173144876325
0 0.9297297297297298 0.18904593639575973 0.0945945945945946 0.2508833922261484
5 0.14662162162162162 0.6890459363957597 0.10945945945945947 0.33568904593639576
0 0.3932432432432433 0.6651943462897526 0.24324324324324326 0.29858657243816256
0 0.6236486486486487 0.6651943462897526 0.08513513513513514 0.2950530035335689
5 0.8695945945945946 0.7287985865724381 0.16081081081081083 0.3374558303886926
