3 0.2701822916666667 0.17708333333333334 0.2591145833333333 0.07083333333333333
3 0.62578125 0.20833333333333334 0.18229166666666666 0.05648148148148149
3 0.789453125 0.2611111111111111 0.021614583333333333 0.06481481481481481
3 0.32369791666666664 0.4451388888888889 0.3255208333333333 0.05324074074074074
3 0.630859375 0.46643518518518523 0.12890625 0.033796296296296297
1 0.52578125 0.47962962962962963 0.021354166666666667 0.125
4 0.3216145833333333 0.6361111111111112 0.033854166666666664 0.10185185185185186
4 0.564453125 0.6435185185185185 0.03515625 0.11018518518518519
4 0.6920572916666666 0.6481481481481481 0.045572916666666664 0.11018518518518519
4 0.4466145833333333 0.6481481481481481 0.044270833333333336 0.11666666666666667
0 0.1875 0.6365740740740741 0.07291666666666667 0.17222222222222222
0 0.3229166666666667 0.6284722222222222 0.057291666666666664 0.15601851851851853
0 0.44752604166666665 0.638888888888889 0.05807291666666667 0.16574074074074074
0 0.56640625 0.6354166666666667 0.049479166666666664 0.14675925925925926
0 0.6955729166666667 0.6377314814814815 0.059375 0.1513888888888889
0 0.6858072916666667 0.3298611111111111 0.04609375 0.15416666666666667
0 0.5578125 0.3229166666666667 0.049479166666666664 0.15416666666666667
0 0.44752604166666665 0.3148148148148148 0.05286458333333333 0.18425925925925926
0 0.32903645833333334 0.30439814814814814 0.06067708333333333 0.18194444444444446
0 0.19622395833333334 0.2935185185185185 0.06067708333333333 0.18055555555555555
0 0.029557291666666666 0.28564814814814815 0.05911458333333333 0.1824074074074074
