1 0.17307692307692307 0.2661955241460542 0.06137479541734861 0.44287396937573614
3 0.7757774140752864 0.5135453474676089 0.38625204582651396 0.10365135453474675
0 0.09247135842880524 0.22732626619552412 0.0916530278232406 0.2332155477031802
0 0.25777414075286414 0.24558303886925792 0.088379705400982 0.21790341578327443
0 0.411620294599018 0.2626619552414605 0.06710310965630115 0.21908127208480563
0 0.5552373158756138 0.27267373380447585 0.06137479541734861 0.19905771495877503
0 0.6845335515548282 0.29387514723203767 0.06137479541734861 0.17785630153121318
0 0.823240589198036 0.3050647820965842 0.05400981996726678 0.18374558303886923
0 0.946808510638298 0.31743227326266193 0.04909983633387889 0.16607773851590105
5 0.5793780687397709 0.7232037691401648 0.09492635024549918 0.32979976442873965
0 0.7099018003273323 0.6955241460541813 0.07283142389525368 0.21319199057714958
0 0.8502454991816695 0.6919905771495877 0.060556464811783964 0.1896348645465253
0 0.9738134206219313 0.6819787985865724 0.05073649754500818 0.1790341578327444
0 0.07324058919803601 0.6925795053003533 0.09083469721767594 0.26383981154299174
0 0.2565466448445172 0.7131919905771495 0.08428805237315876 0.22968197879858657
0 0.42184942716857615 0.7014134275618374 0.06792144026186579 0.21790341578327443
