3 0.17088607594936708 0.5675675675675675 0.18597857838364168 0.05120910384068279
3 0.4785783836416748 0.5647226173541964 0.35735150925024345 0.05689900426742532
3 0.8461538461538461 0.5547652916073968 0.17721518987341772 0.05974395448079659
5 0.28140214216163584 0.8136557610241821 0.08958130477117819 0.2332859174964438
0 0.13583252190847128 0.7347083926031295 0.09250243427458618 0.19203413940256048
0 0.45472249269717624 0.7268847795163585 0.07789678675754626 0.1849217638691323
0 0.6124634858812075 0.7290184921763869 0.06815968841285297 0.19203413940256048
0 0.7687439143135346 0.732574679943101 0.065238558909445 0.19061166429587484
0 0.9298928919182085 0.7183499288762447 0.08373904576436222 0.19061166429587484
0 0.1747809152872444 0.3918918918918919 0.07108081791626096 0.16642958748221906
0 0.32083739045764365 0.3918918918918919 0.07497565725413827 0.1465149359886202
0 0.4664070107108082 0.395448079658606 0.06426484907497566 0.14793741109530584
0 0.6071080817916261 0.39829302987197723 0.06134371957156767 0.15647226173541964
0 0.7560856864654333 0.39971550497866287 0.07108081791626096 0.15362731152204837
0 0.8958130477117819 0.40184921763869136 0.0759493670886076 0.155049786628734
0 0.8792599805258033 0.13513513513513514 0.062317429406037 0.14793741109530584
0 0.7409931840311588 0.1251778093883357 0.05842259006815969 0.13655761024182078
0 0.6080817916260954 0.13015647226173543 0.05744888023369036 0.13513513513513514
0 0.47419668938656284 0.12802275960170698 0.062317429406037 0.1337126600284495
0 0.3388510223953262 0.12588904694167852 0.05258033106134372 0.12944523470839261
0 0.20155793573515093 0.13584637268847796 0.062317429406037 0.14935988620199148
