3 0.05338266384778013 0.41103448275862065 0.09830866807610994 0.07724137931034482
3 0.26585623678646936 0.42 0.22304439746300211 0.13103448275862067
3 0.5613107822410148 0.41310344827586204 0.26849894291754756 0.08137931034482758
3 0.854122621564482 0.4255172413793103 0.24312896405919662 0.14482758620689654
0 0.08615221987315011 0.18482758620689654 0.0708245243128964 0.21517241379310342
0 0.24207188160676535 0.18482758620689654 0.0718816067653277 0.2179310344827586
0 0.4101479915433404 0.18137931034482757 0.0718816067653277 0.21103448275862066
0 0.5697674418604651 0.18275862068965515 0.0718816067653277 0.21103448275862066
0 0.7367864693446089 0.1786206896551724 0.0824524312896406 0.22482758620689652
0 0.9011627906976745 0.1696551724137931 0.08985200845665962 0.22620689655172413
0 0.7325581395348838 0.5834482758620689 0.09302325581395349 0.27586206896551724
0 0.5628964059196617 0.5862068965517241 0.07505285412262157 0.26206896551724135
0 0.39693446088794926 0.5820689655172413 0.08562367864693446 0.2675862068965517
0 0.07610993657505286 0.613103448275862 0.09936575052854123 0.31310344827586206
5 0.21405919661733616 0.676551724137931 0.12156448202959831 0.25241379310344825
5 0.9059196617336153 0.6724137931034482 0.09513742071881608 0.2468965517241379
