3 0.14140625 0.4388888888888889 0.2234375 0.06944444444444445
1 0.31484375000000003 0.2777777777777778 0.05625 0.24444444444444446
3 0.49531250000000004 0.5180555555555556 0.1875 0.07777777777777778
3 0.81171875 0.5354166666666667 0.203125 0.07083333333333333
0 0.49765625 0.16527777777777777 0.10625000000000001 0.33055555555555555
0 0.68671875 0.17222222222222222 0.09375 0.34444444444444444
0 0.872265625 0.17916666666666667 0.11171875 0.35833333333333334
0 0.7097656250000001 0.7784722222222222 0.10390625 0.3875
0 0.9046875000000001 0.7868055555555555 0.0890625 0.3791666666666667
0 0.17890625000000002 0.10347222222222223 0.09375 0.20694444444444446
