3 0.1653543307086614 0.35288966725043786 0.24671916010498687 0.06479859894921192
3 0.484251968503937 0.34851138353765326 0.26246719160104987 0.05604203152364273
3 0.8123359580052494 0.3467600700525394 0.25984251968503935 0.05604203152364273
0 0.1443569553805774 0.1628721541155867 0.05249343832020997 0.1786339754816112
0 0.24671916010498687 0.16549912434325745 0.05511811023622047 0.19089316987740806
0 0.4435695538057743 0.1637478108581436 0.06299212598425197 0.18038528896672504
0 0.5531496062992126 0.15674255691768826 0.0721784776902887 0.18388791593695272
0 0.7611548556430446 0.159369527145359 0.07086614173228346 0.18213660245183888
0 0.8517060367454068 0.15148861646234676 0.05511811023622047 0.18038528896672504
0 0.13976377952755906 0.6830122591943958 0.19816272965879264 0.17513134851138354
0 0.48556430446194226 0.6838879159369528 0.19160104986876642 0.16987740805604204
0 0.7952755905511811 0.6830122591943958 0.16272965879265092 0.1681260945709282
