1 0.17578125 0.30833333333333335 0.11093750000000001 0.24722222222222223
3 0.39609375 0.44027777777777777 0.14375000000000002 0.0638888888888889
3 0.8113281250000001 0.4416666666666667 0.30703125000000003 0.08611111111111111
0 0.08515625 0.15972222222222224 0.1375 0.2888888888888889
0 0.39687500000000003 0.15972222222222224 0.134375 0.2972222222222222
0 0.665625 0.15694444444444444 0.1390625 0.3
0 0.938671875 0.14305555555555557 0.12109375 0.26944444444444443
0 0.6664062500000001 0.70625 0.1390625 0.2152777777777778
0 0.083203125 0.7312500000000001 0.13515625 0.23194444444444445
0 0.39492187500000003 0.6909722222222222 0.14765625000000002 0.2513888888888889
0 0.9402343750000001 0.7069444444444445 0.11796875000000001 0.23611111111111113
