3 0.3837004405286344 0.5468986384266263 0.18766519823788547 0.0680786686838124
3 0.8317180616740089 0.5605143721633888 0.17797356828193833 0.07715582450832073
3 0.12511013215859032 0.5446293494704992 0.18678414096916302 0.05446293494704993
1 0.5436123348017622 0.537821482602118 0.03524229074889868 0.14069591527987899
1 0.9541850220264317 0.5688350983358548 0.05110132158590309 0.07866868381240545
0 0.05154185022026432 0.18456883509833585 0.050220264317180616 0.16036308623298035
0 0.13612334801762116 0.18456883509833585 0.044933920704845816 0.1573373676248109
2 0.6083700440528634 0.697428139183056 0.12246696035242291 0.20574886535552195
0 0.9127753303964758 0.4341906202723147 0.05110132158590309 0.1422087745839637
0 0.8255506607929516 0.43343419062027233 0.04757709251101322 0.14372163388804843
0 0.7409691629955948 0.43645990922844174 0.05110132158590309 0.14069591527987899
0 0.6462555066079295 0.44175491679273826 0.046696035242290754 0.15431164901664146
0 0.5581497797356828 0.44704992435703483 0.04140969162995595 0.13161875945537066
0 0.08237885462555067 0.6709531013615734 0.11013215859030838 0.17095310136157338
0 0.21497797356828194 0.18078668683812407 0.04757709251101322 0.15582450832072617
0 0.3048458149779736 0.17927382753403934 0.04052863436123348 0.15582450832072617
0 0.3837004405286344 0.17322239031770045 0.050220264317180616 0.15279878971255673
0 0.4731277533039648 0.17246596066565809 0.04405286343612335 0.1422087745839637
0 0.5537444933920705 0.1686838124054463 0.048458149779735685 0.14977307110438728
0 0.6370044052863436 0.16641452344931923 0.04757709251101322 0.15128593040847202
0 0.7277533039647578 0.16414523449319213 0.04933920704845815 0.14977307110438728
0 0.809251101321586 0.1633888048411498 0.048458149779735685 0.1573373676248109
0 0.8969162995594714 0.15582450832072617 0.05286343612334802 0.1633888048411498
