0 0.019140625 0.1685185185185185 0.03828125 0.11111111111111112
3 0.347265625 0.7222222222222222 0.14661458333333333 0.03796296296296296
3 0.509765625 0.7233796296296297 0.13932291666666666 0.04027777777777778
3 0.8518229166666667 0.7233796296296297 0.128125 0.047685185185185185
3 0.6701822916666667 0.7210648148148149 0.10338541666666666 0.04027777777777778
1 0.7541666666666667 0.763888888888889 0.029166666666666667 0.0638888888888889
1 0.9436197916666667 0.53125 0.04505208333333333 0.22824074074074074
5 0.21380208333333334 0.8418981481481482 0.04739583333333333 0.1736111111111111
0 0.30950520833333334 0.8159722222222222 0.03828125 0.1328703703703704
0 0.3865885416666667 0.8148148148148149 0.03515625 0.13333333333333333
0 0.46770833333333334 0.8101851851851852 0.03177083333333333 0.1287037037037037
0 0.5451822916666667 0.7870370370370371 0.03723958333333333 0.07962962962962963
0 0.63046875 0.8118055555555556 0.03697916666666667 0.12268518518518519
0 0.7138020833333333 0.8037037037037037 0.04375 0.11574074074074074
0 0.8095052083333333 0.8152777777777778 0.03984375 0.12962962962962962
0 0.89609375 0.7923611111111112 0.04895833333333333 0.09490740740740741
0 0.099609375 0.16203703703703703 0.03515625 0.0962962962962963
0 0.16302083333333334 0.16550925925925927 0.03854166666666667 0.10046296296296296
0 0.24309895833333334 0.16435185185185186 0.03828125 0.0962962962962963
0 0.32122395833333334 0.1613425925925926 0.03828125 0.09953703703703703
0 0.3977864583333333 0.15972222222222224 0.032552083333333336 0.09814814814814815
0 0.46640624999999997 0.1625 0.03177083333333333 0.0925925925925926
0 0.5399739583333333 0.16203703703703703 0.029427083333333333 0.09166666666666667
0 0.6109375 0.1574074074074074 0.0359375 0.09166666666666667
0 0.68359375 0.15324074074074073 0.036458333333333336 0.09722222222222222
0 0.773046875 0.15046296296296297 0.04088541666666667 0.08703703703703704
0 0.8459635416666667 0.15092592592592594 0.04088541666666667 0.09722222222222222
0 0.8598958333333333 0.35000000000000003 0.041666666666666664 0.125
0 0.784375 0.3502314814814815 0.041666666666666664 0.12268518518518519
0 0.692578125 0.35532407407407407 0.045572916666666664 0.1125
0 0.6184895833333334 0.35532407407407407 0.041666666666666664 0.11898148148148148
0 0.5403645833333334 0.3564814814814815 0.0390625 0.11481481481481481
0 0.46380208333333334 0.3599537037037037 0.04375 0.12361111111111112
0 0.398046875 0.3611111111111111 0.03723958333333333 0.11203703703703705
0 0.31861979166666665 0.36064814814814816 0.03307291666666667 0.11111111111111112
0 0.23684895833333333 0.3541666666666667 0.037760416666666664 0.11666666666666667
0 0.15364583333333334 0.362962962962963 0.033854166666666664 0.11574074074074074
0 0.08880208333333334 0.36226851851851855 0.04479166666666667 0.11435185185185186
0 0.07122395833333334 0.5902777777777778 0.04244791666666667 0.11481481481481481
0 0.14153645833333334 0.5918981481481481 0.03984375 0.12731481481481483
0 0.22721354166666666 0.5902777777777778 0.037760416666666664 0.11944444444444445
0 0.3125 0.5837962962962964 0.046875 0.12037037037037038
0 0.3924479166666667 0.5817129629629629 0.0390625 0.12731481481481483
0 0.46875 0.5814814814814815 0.033854166666666664 0.12037037037037038
0 0.5415364583333333 0.580324074074074 0.037760416666666664 0.11805555555555557
0 0.620703125 0.5780092592592593 0.03828125 0.11805555555555557
0 0.7001302083333333 0.5745370370370371 0.04244791666666667 0.125
0 0.7977864583333333 0.5712962962962963 0.04244791666666667 0.12962962962962962
0 0.8763020833333334 0.5729166666666667 0.046875 0.12638888888888888
2 0.09075520833333334 0.8546296296296296 0.12578125 0.25925925925925924
