3 0.23359375000000002 0.4465277777777778 0.309375 0.05416666666666667
3 0.7546875000000001 0.41944444444444445 0.31093750000000003 0.06944444444444445
0 0.16875 0.2604166666666667 0.08281250000000001 0.23194444444444445
0 0.330078125 0.2520833333333333 0.08359375000000001 0.23194444444444445
0 0.4921875 0.25277777777777777 0.078125 0.2388888888888889
0 0.65625 0.24305555555555555 0.08281250000000001 0.2388888888888889
0 0.821484375 0.23402777777777778 0.08359375000000001 0.23750000000000002
0 0.6671875 0.7430555555555556 0.096875 0.2388888888888889
0 0.8480468750000001 0.7388888888888889 0.09609375 0.225
0 0.487890625 0.6854166666666667 0.08984375 0.13194444444444445
0 0.152734375 0.7333333333333334 0.07578125000000001 0.18888888888888888
