3 0.33989021043000917 0.3572327044025157 0.5004574565416285 0.0880503144654088
1 0.7570905763952425 0.5408805031446541 0.05763952424519671 0.09559748427672955
0 0.19258920402561758 0.15471698113207547 0.07044830741079598 0.1811320754716981
0 0.3517840805123513 0.15786163522012578 0.07410795974382434 0.17735849056603772
0 0.5182982616651418 0.15786163522012578 0.07959743824336689 0.18993710691823898
0 0.7584629460201281 0.14465408805031446 0.07319304666056725 0.1861635220125786
0 0.8751143641354072 0.1440251572327044 0.08142726440988106 0.17484276729559747
5 0.8458371454711803 0.7635220125786163 0.13266239707227814 0.2540880503144654
0 0.8421774931381519 0.5345911949685535 0.1253430924062214 0.2012578616352201
0 0.5516925892040256 0.5289308176100629 0.0768526989935956 0.15471698113207547
0 0.4309240622140897 0.5308176100628931 0.07502287282708144 0.1610062893081761
0 0.48490393412625804 0.850943396226415 0.21408966148215922 0.1371069182389937
0 0.16102470265324795 0.850314465408805 0.21225983531564502 0.13584905660377358
0 0.24656907593778593 0.529559748427673 0.07227813357731015 0.16352201257861634
0 0.12763037511436415 0.5339622641509434 0.07227813357731015 0.15974842767295597
