0 0.079296875 0.2826388888888889 0.06171875 0.22083333333333335
0 0.22578125000000002 0.28611111111111115 0.0625 0.22222222222222224
0 0.371875 0.28958333333333336 0.0578125 0.2152777777777778
0 0.5125000000000001 0.28958333333333336 0.0546875 0.20972222222222223
0 0.651953125 0.28611111111111115 0.057031250000000006 0.20555555555555557
0 0.790625 0.28541666666666665 0.060937500000000006 0.21805555555555556
3 0.29609375 0.5222222222222223 0.153125 0.016666666666666666
3 0.516796875 0.51875 0.08984375 0.034722222222222224
3 0.728515625 0.5194444444444445 0.17734375000000002 0.025
0 0.300390625 0.6993055555555556 0.17734375000000002 0.2569444444444445
0 0.728515625 0.6875 0.17421875 0.2555555555555556
5 0.533203125 0.7652777777777778 0.05390625 0.25
5 0.0734375 0.7868055555555555 0.09843750000000001 0.2652777777777778
0 0.07500000000000001 0.6055555555555556 0.1015625 0.07222222222222223
0 0.515625 0.6 0.07968750000000001 0.07222222222222223
0 0.97265625 0.23819444444444446 0.053125000000000006 0.1763888888888889
