3 0.35130208333333335 0.3252314814814815 0.0203125 0.03564814814814815
3 0.4661458333333333 0.33263888888888893 0.14583333333333334 0.04861111111111111
3 0.7920572916666666 0.35879629629629634 0.17786458333333333 0.05
3 0.10651041666666666 0.5655092592592593 0.17135416666666667 0.05787037037037037
3 0.381640625 0.5821759259259259 0.3111979166666667 0.047685185185185185
4 0.272265625 0.17939814814814817 0.03515625 0.043055555555555555
4 0.35299479166666664 0.1886574074074074 0.037760416666666664 0.04490740740740741
4 0.428125 0.19953703703703704 0.0359375 0.0462962962962963
4 0.50078125 0.2101851851851852 0.03125 0.0462962962962963
4 0.7141927083333334 0.22962962962962963 0.029947916666666668 0.0462962962962963
4 0.7786458333333334 0.2337962962962963 0.026041666666666668 0.03796296296296296
4 0.8438802083333333 0.2400462962962963 0.02734375 0.03935185185185185
4 0.90703125 0.24814814814814815 0.028645833333333332 0.04166666666666667
4 0.34544270833333335 0.7048611111111112 0.03203125 0.06805555555555556
4 0.42682291666666666 0.6902777777777778 0.03177083333333333 0.06018518518518519
4 0.5036458333333333 0.6995370370370371 0.029166666666666667 0.0787037037037037
4 0.8604166666666666 0.7018518518518518 0.02395833333333333 0.07407407407407407
0 0.046223958333333336 0.12939814814814815 0.045572916666666664 0.1726851851851852
0 0.14544270833333334 0.18356481481481482 0.04869791666666667 0.18287037037037038
0 0.27174479166666665 0.22268518518518518 0.04244791666666667 0.12962962962962962
0 0.3515625 0.23425925925925928 0.036458333333333336 0.13425925925925927
0 0.42734374999999997 0.2377314814814815 0.03854166666666667 0.11805555555555557
0 0.501953125 0.2476851851851852 0.03515625 0.12592592592592594
0 0.6139322916666666 0.12800925925925927 0.05859375 0.13194444444444445
0 0.6170572916666667 0.35694444444444445 0.053385416666666664 0.1527777777777778
0 0.7135416666666666 0.2689814814814815 0.026041666666666668 0.125
0 0.70859375 0.05486111111111111 0.029166666666666667 0.1087962962962963
0 0.7734375 0.06550925925925927 0.03125 0.1087962962962963
0 0.8325520833333333 0.07523148148148148 0.028645833333333332 0.1050925925925926
0 0.8967447916666667 0.0837962962962963 0.03984375 0.11574074074074074
0 0.9653645833333333 0.09606481481481483 0.036458333333333336 0.10972222222222222
0 0.978125 0.29050925925925924 0.030729166666666665 0.11898148148148148
0 0.9075520833333334 0.28240740740740744 0.036458333333333336 0.13055555555555556
0 0.8483072916666666 0.28240740740740744 0.03515625 0.11203703703703705
0 0.78046875 0.27083333333333337 0.0390625 0.11666666666666667
0 0.133984375 0.44097222222222227 0.05078125 0.12175925925925926
0 0.26783854166666665 0.4652777777777778 0.03723958333333333 0.13055555555555556
0 0.35182291666666665 0.46805555555555556 0.04895833333333333 0.12037037037037038
0 0.42604166666666665 0.47500000000000003 0.0421875 0.11574074074074074
0 0.5057291666666667 0.4763888888888889 0.03125 0.12037037037037038
0 0.7194010416666666 0.4752314814814815 0.040364583333333336 0.11805555555555557
0 0.786328125 0.4826388888888889 0.03515625 0.11712962962962964
0 0.8541666666666666 0.48379629629629634 0.03125 0.11018518518518519
0 0.9204427083333333 0.4914351851851852 0.03515625 0.11342592592592593
0 0.9865885416666667 0.49074074074074076 0.025260416666666667 0.10277777777777779
0 0.7256510416666666 0.701388888888889 0.029947916666666668 0.0962962962962963
0 0.7954427083333333 0.7055555555555556 0.037760416666666664 0.09722222222222222
0 0.8615885416666667 0.7043981481481482 0.03203125 0.09490740740740741
5 0.9305989583333333 0.71875 0.03723958333333333 0.13101851851851853
5 0.625 0.7043981481481482 0.0546875 0.09490740740740741
5 0.26197916666666665 0.7245370370370371 0.04479166666666667 0.15833333333333333
5 0.12981770833333334 0.7314814814814815 0.05911458333333333 0.1814814814814815
0 0.6190104166666667 0.5502314814814815 0.0390625 0.1087962962962963
0 0.503125 0.6974537037037037 0.033854166666666664 0.09953703703703703
0 0.4264322916666667 0.6916666666666667 0.03515625 0.06481481481481481
0 0.34466145833333334 0.7048611111111112 0.03307291666666667 0.07083333333333333
