3 0.11317567567567569 0.09214743589743589 0.225 0.10737179487179487
3 0.4483108108108108 0.5112179487179487 0.43581081081081086 0.18269230769230768
3 0.11283783783783785 0.5112179487179487 0.21216216216216216 0.09615384615384615
3 0.24020270270270272 0.7315705128205128 0.04932432432432433 0.2003205128205128
3 0.3601351351351352 0.625 0.12972972972972974 0.08653846153846154
3 0.45439189189189194 0.7387820512820512 0.046621621621621624 0.18269230769230768
3 0.6530405405405406 0.7307692307692307 0.05337837837837838 0.1858974358974359
3 0.7777027027027027 0.6498397435897436 0.05675675675675676 0.04326923076923077
3 0.860472972972973 0.6346153846153846 0.08581081081081082 0.060897435897435896
3 0.9429054054054055 0.6482371794871795 0.05337837837837838 0.027243589743589744
3 0.0695945945945946 0.6378205128205128 0.07432432432432433 0.060897435897435896
4 0.062162162162162166 0.7620192307692307 0.0472972972972973 0.17467948717948717
1 0.6530405405405406 0.24759615384615383 0.03445945945945946 0.3092948717948718
0 0.12466216216216217 0.3245192307692308 0.18581081081081083 0.28685897435897434
0 0.3597972972972973 0.3125 0.13851351351351351 0.24358974358974358
0 0.5445945945945946 0.31971153846153844 0.14054054054054055 0.2708333333333333
0 0.7733108108108109 0.7708333333333333 0.10202702702702704 0.20192307692307693
0 0.770945945945946 0.4511217948717949 0.09864864864864865 0.21634615384615383
0 0.7652027027027027 0.16506410256410256 0.10743243243243245 0.20833333333333331
0 0.918918918918919 0.17868589743589744 0.1 0.21314102564102563
0 0.9273648648648649 0.4599358974358974 0.10202702702702704 0.22115384615384615
0 0.9368243243243244 0.766025641025641 0.08851351351351353 0.1987179487179487
