0 0.13789062500000002 0.6916666666666667 0.09453125000000001 0.36944444444444446
0 0.34140625 0.6770833333333334 0.09531250000000001 0.3736111111111111
1 0.43281250000000004 0.4166666666666667 0.03125 0.1638888888888889
5 0.570703125 0.7520833333333333 0.09453125000000001 0.3458333333333333
0 0.7503906250000001 0.607638888888889 0.08515625 0.3041666666666667
0 0.148828125 0.11527777777777778 0.08359375000000001 0.23055555555555557
0 0.347265625 0.11527777777777778 0.08359375000000001 0.23055555555555557
0 0.54296875 0.11458333333333334 0.078125 0.22916666666666669
0 0.7332031250000001 0.11319444444444444 0.07421875 0.22361111111111112
0 0.9187500000000001 0.10902777777777778 0.07500000000000001 0.21805555555555556
