0 0.03515625 0.37083333333333335 0.06406250000000001 0.19722222222222224
0 0.152734375 0.375 0.06953125 0.20277777777777778
0 0.28164062500000003 0.37777777777777777 0.06328125 0.20555555555555557
0 0.41132812500000004 0.37986111111111115 0.06484375 0.20972222222222223
0 0.54296875 0.37430555555555556 0.060937500000000006 0.2152777777777778
0 0.7191406250000001 0.36944444444444446 0.047656250000000004 0.22222222222222224
0 0.83125 0.36736111111111114 0.046875 0.22361111111111112
0 0.36875 0.7243055555555555 0.1390625 0.23472222222222222
0 0.540625 0.7298611111111112 0.060937500000000006 0.22083333333333335
0 0.02421875 0.7194444444444444 0.0484375 0.18888888888888888
3 0.084375 0.5819444444444445 0.16875 0.04722222222222222
3 0.415625 0.5833333333333334 0.35625 0.03333333333333333
1 0.62265625 0.5895833333333333 0.060937500000000006 0.06805555555555556
5 0.265625 0.7805555555555556 0.0703125 0.23611111111111113
5 0.130859375 0.7986111111111112 0.06796875000000001 0.2138888888888889
2 0.78125 0.788888888888889 0.19687500000000002 0.32222222222222224
1 0.9480468750000001 0.5888888888888889 0.041406250000000006 0.10555555555555556
