3 0.20987654320987653 0.543455497382199 0.13580246913580246 0.05445026178010472
3 0.6574074074074073 0.549738219895288 0.13668430335097 0.06073298429319372
1 0.9254850088183421 0.28010471204188486 0.07671957671957672 0.29424083769633513
0 0.11904761904761904 0.08743455497382199 0.06878306878306878 0.12460732984293195
0 0.24074074074074073 0.09267015706806284 0.06701940035273368 0.1267015706806283
0 0.36243386243386244 0.09267015706806284 0.06878306878306878 0.1267015706806283
0 0.503968253968254 0.08481675392670159 0.05731922398589065 0.12984293193717278
0 0.6410934744268078 0.09005235602094241 0.059964726631393295 0.12774869109947645
0 0.77336860670194 0.08691099476439791 0.0564373897707231 0.12774869109947645
0 0.09611992945326278 0.368586387434555 0.07407407407407407 0.15916230366492148
0 0.22707231040564374 0.3654450261780105 0.07142857142857142 0.15916230366492148
0 0.34832451499118167 0.36492146596858643 0.08112874779541446 0.15811518324607332
0 0.5035273368606702 0.3722513089005236 0.08112874779541446 0.15811518324607332
0 0.6494708994708994 0.37277486910994767 0.08024691358024691 0.15078534031413615
0 0.7949735449735449 0.3664921465968587 0.09611992945326278 0.15916230366492148
0 0.06701940035273368 0.6712041884816755 0.07936507936507936 0.16963350785340317
0 0.2067901234567901 0.6696335078534033 0.082010582010582 0.181151832460733
0 0.5035273368606702 0.6795811518324608 0.08818342151675485 0.18010471204188483
0 0.656084656084656 0.674869109947644 0.08818342151675485 0.18324607329842935
0 0.814373897707231 0.6753926701570682 0.082010582010582 0.1717277486910995
