3 0.1619718309859155 0.5747368421052631 0.24178403755868544 0.18105263157894735
3 0.4242957746478873 0.608421052631579 0.16549295774647887 0.1094736842105263
3 0.8838028169014085 0.5947368421052631 0.19248826291079812 0.07368421052631578
1 0.5815727699530516 0.5694736842105264 0.04107981220657277 0.11578947368421053
0 0.06631455399061033 0.30315789473684207 0.0903755868544601 0.30736842105263157
0 0.2699530516431925 0.3063157894736842 0.09389671361502347 0.2968421052631579
0 0.49178403755868544 0.30526315789473685 0.09624413145539906 0.30315789473684207
0 0.7024647887323944 0.30526315789473685 0.09507042253521127 0.29473684210526313
0 0.9049295774647887 0.3094736842105263 0.07981220657276995 0.30315789473684207
0 0.0715962441314554 0.7652631578947369 0.08215962441314555 0.19999999999999998
0 0.27523474178403756 0.7684210526315789 0.08098591549295775 0.20210526315789473
0 0.4894366197183099 0.7726315789473684 0.09154929577464789 0.2189473684210526
5 0.7036384976525821 0.7894736842105263 0.11150234741784038 0.2652631578947368
