3 0.21992187500000002 0.49097222222222225 0.32734375000000004 0.07361111111111111
3 0.544921875 0.4916666666666667 0.06484375 0.08055555555555556
3 0.8070312500000001 0.48680555555555555 0.215625 0.06805555555555556
0 0.11328125 0.20625000000000002 0.10312500000000001 0.3041666666666667
0 0.33710937500000004 0.20277777777777778 0.09921875000000001 0.3027777777777778
0 0.54453125 0.20208333333333334 0.084375 0.30972222222222223
0 0.802734375 0.20416666666666666 0.21328125 0.30833333333333335
0 0.22812500000000002 0.71875 0.309375 0.3236111111111111
0 0.541015625 0.7291666666666667 0.07890625000000001 0.3138888888888889
0 0.8011718750000001 0.7270833333333334 0.21328125 0.3125
