3 0.231128074639525 0.11714285714285715 0.16878710771840544 0.07714285714285714
3 0.44614079728583544 0.1 0.16115351993214588 0.08285714285714285
3 0.3651399491094148 0.4857142857142857 0.20949957591178964 0.06571428571428571
3 0.6433418150975403 0.4835714285714286 0.12128922815945717 0.07571428571428572
3 0.8676844783715013 0.48 0.18829516539440203 0.06285714285714286
1 0.1573367260390161 0.28285714285714286 0.06191687871077184 0.12571428571428572
1 0.08778625954198473 0.13071428571428573 0.06530958439355386 0.09285714285714286
1 0.08736217133163698 0.23642857142857143 0.0916030534351145 0.11
0 0.2811704834605598 0.30142857142857143 0.07718405428329092 0.23142857142857143
0 0.27268871925360477 0.6971428571428572 0.09245122985581 0.2257142857142857
0 0.452078032230704 0.6928571428571428 0.0899067005937235 0.22
0 0.45589482612383375 0.30142857142857143 0.08227311280746395 0.22285714285714286
0 0.6276505513146734 0.295 0.08821034775233248 0.23
5 0.6391009329940628 0.7028571428571428 0.09414758269720101 0.2714285714285714
0 0.8112807463952502 0.2957142857142857 0.09075487701441899 0.23142857142857143
0 0.9749787955894826 0.2857142857142857 0.04834605597964377 0.2342857142857143
0 0.8312128922815946 0.6507142857142857 0.10008481764206954 0.15
