3 0.3418918918918919 0.38446969696969696 0.3945945945945946 0.04924242424242424
3 0.7472972972972973 0.3787878787878788 0.2864864864864865 0.045454545454545456
0 0.18783783783783786 0.17424242424242425 0.07297297297297298 0.20075757575757577
0 0.3432432432432433 0.17045454545454547 0.062162162162162166 0.20075757575757577
0 0.4891891891891892 0.17045454545454547 0.07297297297297298 0.20075757575757577
0 0.7141891891891893 0.15056818181818182 0.08243243243243244 0.17234848484848486
5 0.745945945945946 0.6799242424242424 0.10540540540540541 0.3181818181818182
0 0.4952702702702703 0.5691287878787878 0.07432432432432433 0.23295454545454547
0 0.34594594594594597 0.5615530303030303 0.07027027027027027 0.21022727272727273
0 0.18513513513513513 0.5634469696969697 0.07027027027027027 0.2215909090909091
