3 0.21428571428571427 0.6009463722397476 0.2804718217562254 0.14195583596214512
3 0.8712319790301442 0.5993690851735015 0.1946264744429882 0.0946372239747634
1 0.02948885976408912 0.28233438485804413 0.05897771952817824 0.46056782334384855
0 0.18152031454783749 0.3746056782334385 0.053735255570117955 0.250788643533123
0 0.30144167758846657 0.37302839116719244 0.05504587155963303 0.26025236593059936
0 0.432175622542595 0.37302839116719244 0.05307994757536042 0.26025236593059936
0 0.5484927916120577 0.3746056782334385 0.05504587155963303 0.26340694006309145
0 0.6644823066841415 0.3809148264984227 0.05504587155963303 0.2539432176656151
0 0.7988204456094364 0.37697160883280756 0.0563564875491481 0.25236593059936907
0 0.9190694626474443 0.37145110410094634 0.05439056356487549 0.26025236593059936
5 0.926605504587156 0.7744479495268138 0.05897771952817824 0.26813880126182965
0 0.8060288335517694 0.7705047318611987 0.05504587155963303 0.2192429022082019
0 0.666775884665793 0.7586750788643533 0.05307994757536042 0.17981072555205047
5 0.5507863695937091 0.7618296529968454 0.05832241153342071 0.24921135646687698
0 0.43184796854521623 0.7736593059936908 0.0563564875491481 0.23501577287066244
5 0.1720183486238532 0.7586750788643533 0.05963302752293578 0.24605678233438485
0 0.29750982961992134 0.7444794952681387 0.047182175622542594 0.1640378548895899
