3 0.4847417840375587 0.6579378068739771 0.4835680751173709 0.06546644844517185
1 0.03403755868544601 0.18248772504091654 0.06807511737089202 0.3027823240589198
0 0.1467136150234742 0.25450081833060556 0.056338028169014086 0.14893617021276598
0 0.2136150234741784 0.8052373158756138 0.20657276995305165 0.21603927986906712
0 0.4964788732394366 0.8183306055646482 0.17370892018779344 0.24549918166939444
0 0.693075117370892 0.8052373158756138 0.06690140845070423 0.21603927986906712
0 0.8908450704225352 0.8011456628477905 0.18544600938967137 0.20458265139116205
0 0.9407276995305165 0.5548281505728314 0.05046948356807512 0.12438625204582653
0 0.812793427230047 0.5433715220949263 0.05516431924882629 0.1309328968903437
0 0.6836854460093897 0.5425531914893618 0.05751173708920188 0.1260229132569558
0 0.5551643192488263 0.5499181669394435 0.05868544600938967 0.12765957446808512
0 0.4284037558685446 0.5499181669394435 0.051643192488262914 0.12765957446808512
0 0.29870892018779344 0.5458265139116203 0.0528169014084507 0.1260229132569558
0 0.1467136150234742 0.546644844517185 0.056338028169014086 0.12765957446808512
0 0.29636150234741787 0.2618657937806874 0.05751173708920188 0.14402618657937807
0 0.426056338028169 0.26759410801963995 0.051643192488262914 0.12274959083469722
0 0.5528169014084507 0.26268412438625205 0.0539906103286385 0.14893617021276598
0 0.6742957746478874 0.265139116202946 0.05751173708920188 0.12765957446808512
0 0.8034037558685446 0.2684124386252046 0.05046948356807512 0.13747954173486088
0 0.9213615023474179 0.27168576104746317 0.046948356807511735 0.12438625204582653
