3 0.19160432252701579 0.42887931034482757 0.371571072319202 0.11637931034482758
3 0.7605985037406484 0.4482758620689655 0.3857024106400665 0.07471264367816091
0 0.07813798836242726 0.15876436781609196 0.059850374064837904 0.24568965517241378
0 0.21321695760598505 0.16235632183908047 0.06400665004156277 0.25
0 0.35037406483790523 0.16666666666666666 0.05901911886949294 0.24137931034482757
0 0.48171238570241065 0.17097701149425287 0.06733167082294264 0.2442528735632184
0 0.6159600997506235 0.17313218390804597 0.06816292601828762 0.257183908045977
0 0.7477140482128013 0.1724137931034483 0.06400665004156277 0.2557471264367816
0 0.8802992518703242 0.1752873563218391 0.06483790523690773 0.22988505747126436
0 0.05860349127182045 0.6027298850574713 0.06234413965087282 0.2025862068965517
0 0.20199501246882792 0.6041666666666666 0.058187863674147966 0.21695402298850575
5 0.341645885286783 0.6673850574712643 0.059850374064837904 0.26580459770114945
0 0.4800498753117207 0.5977011494252873 0.06234413965087282 0.22126436781609196
0 0.6142975893599335 0.6005747126436781 0.059850374064837904 0.22126436781609196
5 0.7497921862011637 0.6824712643678161 0.04987531172069826 0.23275862068965517
0 0.8911055694098088 0.6020114942528736 0.06483790523690773 0.21839080459770116
