3 0.137618636755824 0.7652439024390245 0.2372735116479724 0.07520325203252033
3 0.44477998274374464 0.7591463414634148 0.2355478861087144 0.08739837398373984
3 0.868421052631579 0.7571138211382115 0.22519413287316653 0.07113821138211383
0 0.045297670405522 0.18089430894308944 0.04227782571182054 0.19918699186991873
0 0.17601380500431407 0.17073170731707318 0.04141501294219155 0.20325203252032523
0 0.25754961173425367 0.18495934959349594 0.03882657463330458 0.19918699186991873
0 0.3735979292493529 0.17378048780487806 0.04314063848144953 0.209349593495935
0 0.45297670405522006 0.17479674796747968 0.03968938740293357 0.20731707317073172
0 0.5371009490940466 0.17682926829268295 0.04400345125107852 0.20325203252032523
0 0.6492666091458154 0.17987804878048783 0.04400345125107852 0.2134146341463415
0 0.7230371009490941 0.17682926829268295 0.03796376186367558 0.20325203252032523
0 0.8455565142364108 0.18394308943089432 0.03796376186367558 0.20121951219512196
0 0.9219154443485764 0.1829268292682927 0.03710094909404659 0.20325203252032523
0 0.04184641932700604 0.5731707317073171 0.04055220017256256 0.19918699186991873
0 0.17169974115616912 0.568089430894309 0.04486626402070751 0.2052845528455285
0 0.2528041415012942 0.5660569105691058 0.050043140638481455 0.18902439024390247
0 0.365832614322692 0.568089430894309 0.050043140638481455 0.18495934959349594
0 0.4477998274374461 0.5711382113821138 0.04659188955996549 0.1910569105691057
0 0.5336496980155306 0.5721544715447155 0.04227782571182054 0.18089430894308944
0 0.727351164797239 0.5650406504065041 0.0362381363244176 0.1788617886178862
0 0.8485763589301122 0.576219512195122 0.04055220017256256 0.17682926829268295
0 0.9301121656600518 0.5802845528455285 0.04486626402070751 0.18495934959349594
0 0.45211389128559104 0.878048780487805 0.03451251078515962 0.14227642276422767
0 0.5332182916307162 0.8861788617886179 0.03451251078515962 0.14227642276422767
0 0.368421052631579 0.8882113821138212 0.03278688524590164 0.15040650406504066
5 0.731665228645384 0.8750000000000001 0.04314063848144953 0.2052845528455285
0 0.8481449525452978 0.8861788617886179 0.04486626402070751 0.14634146341463417
