3 0.349194729136164 0.4631474103585657 0.1595900439238653 0.053784860557768925
3 0.8191800878477307 0.4721115537848605 0.14202049780380674 0.05179282868525896
3 0.09882869692532943 0.4681274900398406 0.17130307467057102 0.0398406374501992
0 0.09956076134699854 0.2908366533864542 0.09663250366032211 0.24302788844621515
0 0.3469985358711567 0.2898406374501992 0.09370424597364568 0.2450199203187251
2 0.10102489019033675 0.7181274900398407 0.13469985358711567 0.31274900398406374
0 0.3587115666178624 0.7071713147410359 0.10248901903367497 0.24302788844621515
0 0.568814055636896 0.29382470119521914 0.08931185944363104 0.26095617529880477
0 0.8016105417276721 0.2948207171314741 0.0951683748169839 0.2589641434262948
0 0.8301610541727672 0.7121513944223108 0.10834553440702782 0.26095617529880477
