3 0.516796875 0.3451388888888889 0.13203125000000002 0.034722222222222224
1 0.628515625 0.3479166666666667 0.03359375 0.12638888888888888
3 0.168359375 0.35833333333333334 0.10859375 0.05555555555555556
0 0.517578125 0.5680555555555555 0.10234375000000001 0.27222222222222225
2 0.7984375 0.6583333333333333 0.275 0.5416666666666667
0 0.171875 0.576388888888889 0.1 0.2833333333333333
0 0.171875 0.11180555555555556 0.0734375 0.22361111111111112
0 0.34765625 0.10555555555555556 0.0765625 0.2111111111111111
0 0.52890625 0.10486111111111111 0.078125 0.20972222222222223
0 0.697265625 0.09861111111111112 0.07734375 0.19722222222222224
0 0.8796875000000001 0.09305555555555556 0.08281250000000001 0.18611111111111112
3 0.31953125000000004 0.44930555555555557 0.1078125 0.0375
5 0.3453125 0.6465277777777778 0.06875 0.2791666666666667
