3 0.7131681877444589 0.4396378269617707 0.5006518904823989 0.09456740442655936
3 0.17405475880052151 0.5321931589537224 0.30638852672750977 0.06639839034205232
1 0.36310299869621904 0.45573440643863183 0.1029986962190352 0.19114688128772636
0 0.1029986962190352 0.20321931589537226 0.06779661016949153 0.261569416498994
0 0.2816166883963494 0.20422535211267606 0.07040417209908735 0.25955734406438635
0 0.5541069100391134 0.15392354124748492 0.08604954367666232 0.24748490945674045
0 0.7164276401564537 0.15392354124748492 0.08213820078226858 0.25553319919517103
0 0.8787483702737939 0.16096579476861167 0.08083441981747067 0.2494969818913481
0 0.10430247718383312 0.7193158953722335 0.075619295958279 0.21931589537223342
0 0.559973924380704 0.6760563380281691 0.07170795306388526 0.2575452716297787
0 0.8748370273794003 0.6720321931589538 0.06779661016949153 0.23742454728370224
