3 0.5283434232250963 0.32162921348314605 0.0341221794166208 0.19382022471910113
3 0.5809025866813429 0.4044943820224719 0.07429829389102917 0.07303370786516854
3 0.9006604292790313 0.5428370786516854 0.0379746835443038 0.07443820224719101
3 0.07264722069345074 0.5154494382022472 0.09796367638965327 0.08146067415730338
3 0.2817831590533847 0.5189606741573034 0.1364887176664832 0.0800561797752809
3 0.44551458447991193 0.5245786516853932 0.03907539900935608 0.0547752808988764
1 0.9416620803522289 0.3012640449438202 0.09796367638965327 0.20646067415730338
0 0.07402311502476609 0.2345505617977528 0.14804623004953218 0.4606741573033708
0 0.2837094111172262 0.2542134831460674 0.13263621353880023 0.44662921348314605
0 0.44276279581728123 0.25912921348314605 0.10952118877270225 0.41151685393258425
0 0.5770500825536599 0.21348314606741572 0.06439185470555861 0.3033707865168539
0 0.8417721518987341 0.25912921348314605 0.03577325261419923 0.24859550561797752
0 0.9408365437534397 0.6657303370786517 0.04678040726472207 0.17696629213483145
0 0.4433131535498074 0.6818820224719101 0.06879471656576774 0.2345505617977528
0 0.2881122729774353 0.6938202247191011 0.08420473307649973 0.24719101123595505
0 0.07512383048981838 0.7008426966292135 0.10291689598238855 0.2696629213483146
5 0.5748486516235553 0.6257022471910112 0.0654925701706109 0.36095505617977525
5 0.8442487616951018 0.6299157303370786 0.05393505778756191 0.3441011235955056
2 0.7151898734177214 0.5301966292134831 0.13703907539900936 0.5997191011235955
