3 0.1542904290429043 0.6550925925925926 0.12706270627062707 0.038580246913580245
3 0.35148514851485146 0.6574074074074073 0.11056105610561057 0.037037037037037035
3 0.5915841584158416 0.6527777777777778 0.10231023102310231 0.040123456790123455
3 0.8650990099009901 0.6512345679012346 0.11633663366336634 0.040123456790123455
0 0.04950495049504951 0.21450617283950615 0.037953795379537955 0.15740740740740738
0 0.12871287128712872 0.21682098765432098 0.036303630363036306 0.16203703703703703
0 0.2079207920792079 0.2175925925925926 0.037953795379537955 0.16049382716049382
0 0.2821782178217822 0.21141975308641975 0.039603960396039604 0.16975308641975306
0 0.35602310231023104 0.2044753086419753 0.03547854785478548 0.16512345679012344
0 0.4344059405940594 0.20833333333333331 0.03712871287128713 0.16358024691358025
0 0.5132013201320133 0.19521604938271603 0.041254125412541254 0.1589506172839506
0 0.5903465346534653 0.19444444444444442 0.038778877887788776 0.1728395061728395
0 0.6629537953795379 0.19907407407407407 0.04372937293729373 0.16975308641975306
0 0.775990099009901 0.20293209876543208 0.038778877887788776 0.17129629629629628
0 0.8498349834983498 0.2037037037037037 0.0429042904290429 0.16975308641975306
0 0.9323432343234324 0.2006172839506173 0.039603960396039604 0.1728395061728395
0 0.041666666666666664 0.5154320987654321 0.03547854785478548 0.15123456790123457
0 0.12004950495049505 0.5146604938271605 0.03547854785478548 0.14660493827160492
0 0.19801980198019803 0.5092592592592592 0.036303630363036306 0.16049382716049382
0 0.275990099009901 0.5092592592592592 0.04207920792079208 0.14814814814814814
0 0.3547854785478548 0.5123456790123456 0.036303630363036306 0.14814814814814814
0 0.43481848184818483 0.5084876543209876 0.041254125412541254 0.16512345679012344
0 0.5123762376237624 0.5092592592592592 0.036303630363036306 0.16049382716049382
0 0.5915841584158416 0.5054012345679012 0.034653465346534656 0.15277777777777776
0 0.6687293729372937 0.5092592592592592 0.04042904290429043 0.16049382716049382
0 0.7813531353135313 0.5100308641975309 0.034653465346534656 0.14969135802469136
0 0.8605610561056106 0.5069444444444444 0.039603960396039604 0.1589506172839506
0 0.9405940594059407 0.5061728395061729 0.036303630363036306 0.1450617283950617
0 0.16006600660066006 0.7662037037037036 0.11221122112211221 0.13734567901234568
0 0.35767326732673266 0.7777777777777777 0.10808580858085809 0.16666666666666666
0 0.594059405940594 0.7569444444444444 0.11386138613861387 0.13117283950617284
0 0.851897689768977 0.7662037037037036 0.1971947194719472 0.1280864197530864
