3 0.19568690095846644 0.5985790408525755 0.33386581469648563 0.056838365896980464
3 0.7691693290734823 0.5941385435168739 0.3178913738019169 0.04440497335701599
1 0.9456869009584664 0.39342806394316165 0.07987220447284345 0.30017761989342806
1 0.9544728434504792 0.5817051509769094 0.05910543130990415 0.06927175843694494
0 0.11661341853035143 0.15896980461811724 0.08626198083067092 0.1438721136767318
0 0.2763578274760383 0.15541740674955595 0.08306709265175719 0.15097690941385436
0 0.4768370607028754 0.1518650088809947 0.08146964856230032 0.14742451154529307
0 0.6733226837060703 0.16341030195381884 0.09424920127795527 0.14564831261101244
0 0.8386581469648562 0.15808170515097691 0.08945686900958466 0.14564831261101244
0 0.10623003194888178 0.4849023090586146 0.06230031948881789 0.12788632326820604
0 0.2787539936102236 0.48934280639431615 0.06549520766773162 0.13676731793960925
5 0.4952076677316294 0.8117229129662522 0.11501597444089456 0.2202486678507993
0 0.48003194888178913 0.46714031971580816 0.07507987220447285 0.1705150976909414
0 0.6837060702875399 0.48934280639431615 0.07348242811501597 0.13676731793960925
0 0.8538338658146964 0.48667850799289525 0.0718849840255591 0.13143872113676733
0 0.6956869009584664 0.7628774422735347 0.0718849840255591 0.13321492007104796
0 0.8785942492012779 0.7673179396092362 0.06389776357827476 0.12788632326820604
0 0.2827476038338658 0.7699822380106572 0.054313099041533544 0.1296625222024867
0 0.10223642172523961 0.7673179396092362 0.06389776357827476 0.13143872113676733
