3 0.47335423197492166 0.6829573934837092 0.1859979101358412 0.06516290726817042
0 0.34117032392894464 0.825187969924812 0.13061650992685478 0.21428571428571427
0 0.6029258098223617 0.8358395989974937 0.15464994775339605 0.23308270676691728
0 0.7894461859979102 0.8320802005012531 0.16405433646812959 0.2506265664160401
0 0.16353187042842218 0.8339598997493733 0.12643678160919541 0.2543859649122807
5 0.4853709508881923 0.8721804511278195 0.14733542319749218 0.19298245614035087
0 0.03970741901776385 0.5902255639097744 0.06896551724137932 0.08771929824561403
0 0.17711598746081506 0.5952380952380952 0.07001044932079416 0.08771929824561403
0 0.3098223615464995 0.593984962406015 0.06374085684430512 0.09273182957393483
0 0.44566353187042845 0.600250626566416 0.0658307210031348 0.09523809523809523
0 0.5825496342737723 0.6015037593984962 0.06792058516196448 0.08771929824561403
0 0.7267502612330199 0.593984962406015 0.07836990595611286 0.08771929824561403
0 0.8667711598746083 0.5958646616541353 0.07836990595611286 0.09398496240601503
0 0.180773249738767 0.44674185463659144 0.05642633228840126 0.09649122807017543
0 0.05433646812957158 0.4323308270676691 0.06269592476489029 0.07769423558897243
0 0.3092998955067921 0.43295739348370926 0.05642633228840126 0.07894736842105263
0 0.4383490073145246 0.44423558897243104 0.05120167189132707 0.10150375939849623
0 0.5637408568443052 0.43045112781954886 0.0574712643678161 0.07894736842105263
0 0.6938349007314525 0.44611528822055135 0.06896551724137932 0.10776942355889724
0 0.8270637408568444 0.42355889724310775 0.07001044932079416 0.08020050125313283
0 0.06739811912225706 0.2894736842105263 0.059561128526645774 0.07017543859649122
0 0.18547544409613376 0.2963659147869674 0.05120167189132707 0.08646616541353383
0 0.30564263322884017 0.2907268170426065 0.05329153605015675 0.06766917293233082
0 0.42319749216300945 0.2957393483709273 0.060606060606060615 0.08020050125313283
0 0.5438871473354232 0.2832080200501253 0.06374085684430512 0.06516290726817042
0 0.6698014629049113 0.29448621553884713 0.06269592476489029 0.08771929824561403
0 0.7972831765935215 0.2863408521303258 0.060606060606060615 0.06641604010025062
0 0.07784743991640544 0.16290726817042606 0.059561128526645774 0.05764411027568922
0 0.1886102403343783 0.16791979949874686 0.059561128526645774 0.05764411027568922
0 0.3045977011494253 0.16791979949874686 0.05329153605015675 0.06516290726817042
0 0.5334378265412749 0.16416040100250626 0.05538140020898642 0.06015037593984962
0 0.6447230929989551 0.16791979949874686 0.05642633228840126 0.05012531328320802
0 0.7622779519331244 0.15664160401002505 0.0574712643678161 0.06265664160401002
0 0.08829676071055383 0.05075187969924812 0.04911180773249739 0.05639097744360902
0 0.19749216300940442 0.05200501253132832 0.052246603970741906 0.04887218045112782
0 0.3035527690700105 0.05388471177944862 0.05329153605015675 0.05012531328320802
0 0.4085684430512017 0.04887218045112782 0.05433646812957158 0.06265664160401002
0 0.5151515151515152 0.05388471177944862 0.052246603970741906 0.05263157894736842
0 0.6264367816091955 0.04887218045112782 0.05120167189132707 0.06265664160401002
0 0.7413793103448276 0.046992481203007516 0.059561128526645774 0.05388471177944862
