3 0.16627771295215868 0.37937743190661477 0.15519253208868145 0.07392996108949416
3 0.4197782963827304 0.36089494163424124 0.08926487747957992 0.06031128404669261
3 0.6826137689614935 0.377431906614786 0.15635939323220535 0.0933852140077821
3 0.9156942823803966 0.3784046692607004 0.06126021003500583 0.07587548638132297
1 0.9658693115519252 0.4766536964980545 0.049591598599766626 0.09727626459143969
0 0.06067677946324387 0.20136186770428016 0.026837806301050173 0.22762645914396887
0 0.13273045507584597 0.20233463035019456 0.030921820303383894 0.20622568093385213
0 0.20653442240373393 0.20233463035019456 0.03500583430571762 0.22178988326848248
0 0.2812135355892649 0.20622568093385213 0.03500583430571762 0.23346303501945526
0 0.3602683780630105 0.19844357976653698 0.030921820303383894 0.22568093385214008
0 0.42386231038506417 0.20428015564202334 0.0367561260210035 0.22568093385214008
0 0.48570595099183195 0.19747081712062256 0.03442240373395566 0.23540856031128404
0 0.5659276546091014 0.21011673151750973 0.03267211201866978 0.23346303501945526
0 0.6379813302217036 0.20817120622568094 0.029754959159859973 0.21400778210116733
0 0.7138273045507584 0.21206225680933852 0.03208868144690782 0.23735408560311283
0 0.7850058343057176 0.20136186770428016 0.03208868144690782 0.23540856031128404
0 0.9095682613768961 0.20038910505836577 0.030338389731621934 0.24124513618677043
0 0.16102683780630103 0.5262645914396887 0.30921820303383896 0.24319066147859922
0 0.6849474912485414 0.5369649805447471 0.30921820303383896 0.2529182879377432
