3 0.18016378525932666 0.5092592592592592 0.20382165605095542 0.09595959595959595
3 0.47816196542311196 0.49747474747474746 0.17015468607825296 0.15993265993265993
3 0.7252047315741583 0.5058922558922558 0.2329390354868062 0.12289562289562289
0 0.07552320291173795 0.2382154882154882 0.08553230209281165 0.2676767676767677
0 0.2734303912647862 0.24074074074074073 0.08280254777070065 0.2626262626262626
0 0.47042766151046406 0.23905723905723905 0.089171974522293 0.26936026936026936
0 0.6678798908098271 0.2365319865319865 0.0818926296633303 0.25757575757575757
0 0.8657870791628753 0.2398989898989899 0.09190172884440401 0.2845117845117845
0 0.6719745222929937 0.7213804713804713 0.09008189262966333 0.2676767676767677
0 0.8821656050955414 0.7230639730639731 0.0991810737033667 0.2643097643097643
0 0.4695177434030937 0.7188552188552189 0.09463148316651501 0.25925925925925924
0 0.26569608735213834 0.7213804713804713 0.08007279344858963 0.24074074074074073
0 0.06960873521383076 0.7272727272727273 0.08462238398544131 0.2626262626262626
