3 0.5222656250000001 0.3680555555555556 0.36796875 0.04722222222222222
3 0.13515625 0.6361111111111112 0.078125 0.04722222222222222
3 0.278515625 0.6381944444444445 0.15390625000000002 0.034722222222222224
3 0.443359375 0.6298611111111111 0.05859375 0.034722222222222224
3 0.601171875 0.6277777777777778 0.13671875 0.0638888888888889
3 0.827734375 0.6333333333333333 0.18984375 0.04722222222222222
0 0.21875 0.12430555555555556 0.053125000000000006 0.18194444444444446
0 0.37226562500000004 0.12916666666666668 0.055468750000000004 0.17500000000000002
0 0.521484375 0.13680555555555557 0.05234375 0.17916666666666667
0 0.667578125 0.1375 0.049218750000000006 0.17777777777777778
0 0.81953125 0.13819444444444445 0.05 0.1736111111111111
0 0.20390625 0.5055555555555555 0.0625 0.20277777777777778
0 0.36445312500000004 0.5006944444444444 0.06015625 0.19583333333333333
0 0.5222656250000001 0.4965277777777778 0.05078125 0.19861111111111113
0 0.6796875 0.5 0.060937500000000006 0.19722222222222224
0 0.84140625 0.49583333333333335 0.0484375 0.19166666666666668
