4 0.1995572422517394 0.32951482479784366 0.05755850727387729 0.1738544474393531
4 0.340607210626186 0.32142857142857145 0.06641366223908919 0.1765498652291105
4 0.06325110689437065 0.33018867924528306 0.058191018342821 0.18328840970350405
3 0.05028462998102467 0.5363881401617251 0.06388361796331436 0.04043126684636119
3 0.17552182163187857 0.5289757412398922 0.1157495256166983 0.04177897574123989
3 0.3235294117647059 0.5370619946091645 0.10056925996204934 0.03369272237196766
3 0.5015812776723593 0.532345013477089 0.0290955091714105 0.06738544474393532
3 0.676786843769766 0.5283018867924528 0.06578115117014548 0.03504043126684636
3 0.8845667299177736 0.5316711590296497 0.068943706514864 0.04177897574123989
4 0.33807716635041113 0.6933962264150944 0.058823529411764705 0.14150943396226415
0 0.060404807084123976 0.2863881401617251 0.06261859582542695 0.27358490566037735
0 0.19924098671726756 0.28706199460916443 0.06198608475648324 0.2641509433962264
0 0.34123972169512967 0.2789757412398922 0.07147375079063883 0.2668463611859838
0 0.4993674889310563 0.26010781671159033 0.07526881720430108 0.2830188679245283
0 0.6698292220113852 0.25404312668463613 0.07084123972169513 0.28706199460916443
0 0.868437697659709 0.24528301886792453 0.04933586337760911 0.29649595687331537
0 0.8801391524351676 0.7324797843665769 0.05249841872232764 0.26549865229110514
0 0.6761543327008223 0.7351752021563343 0.07463630613535736 0.25202156334231807
0 0.1941808981657179 0.7216981132075472 0.07716635041113219 0.24663072776280326
5 0.33554712207463633 0.7392183288409704 0.07906388361796332 0.26280323450134774
5 0.4981024667931689 0.7439353099730459 0.07020872865275142 0.2776280323450135
