0 0.14919354838709678 0.1766743648960739 0.12903225806451613 0.17321016166281755
0 0.47446236559139787 0.18764434180138567 0.11021505376344087 0.1651270207852194
0 0.7829301075268817 0.19688221709006928 0.10618279569892473 0.1674364896073903
0 0.8091397849462366 0.569284064665127 0.11827956989247312 0.19168591224018475
0 0.47513440860215056 0.5606235565819861 0.13306451612903228 0.1997690531177829
0 0.1323924731182796 0.5542725173210161 0.12768817204301075 0.18937644341801385
3 0.478494623655914 0.365473441108545 0.5430107526881721 0.09353348729792148
0 0.09879032258064517 0.898960739030023 0.14919354838709678 0.12817551963048499
0 0.48185483870967744 0.8966512702078522 0.13575268817204303 0.11893764434180139
0 0.8555107526881721 0.9001154734411085 0.12768817204301075 0.10969976905311778
