3 0.4202185792349727 0.7201365187713311 0.19781420765027322 0.06143344709897611
3 0.8420765027322404 0.7218430034129693 0.1628415300546448 0.06143344709897611
1 0.9743169398907103 0.7209897610921502 0.046994535519125684 0.06313993174061433
0 0.16721311475409836 0.22525597269624573 0.0633879781420765 0.21843003412969283
0 0.3404371584699454 0.2380546075085324 0.07540983606557378 0.21331058020477817
0 0.5153005464480874 0.2568259385665529 0.06448087431693988 0.1962457337883959
0 0.7174863387978142 0.2713310580204778 0.06229508196721312 0.20477815699658702
0 0.8295081967213115 0.28668941979522183 0.06120218579234973 0.1945392491467577
0 0.9387978142076503 0.2909556313993174 0.0546448087431694 0.19965870307167236
0 0.15737704918032785 0.5802047781569966 0.10710382513661203 0.19112627986348124
0 0.42568306010928963 0.5853242320819113 0.2721311475409836 0.17406143344709898
0 0.8218579234972677 0.5981228668941979 0.2754098360655738 0.16552901023890784
0 0.42131147540983604 0.8532423208191127 0.2786885245901639 0.20477815699658702
0 0.8262295081967214 0.8395904436860069 0.292896174863388 0.17747440273037543
0 0.16229508196721312 0.8421501706484642 0.0994535519125683 0.19965870307167236
