0 0.225390625 0.21041666666666667 0.07265625 0.2625
0 0.053515625000000004 0.20972222222222223 0.07890625000000001 0.2638888888888889
0 0.39375000000000004 0.21041666666666667 0.07500000000000001 0.2625
0 0.562890625 0.20694444444444446 0.07109375 0.26944444444444443
0 0.755078125 0.19791666666666669 0.07734375 0.26805555555555555
0 0.9519531250000001 0.18680555555555556 0.08359375000000001 0.27083333333333337
0 0.184375 0.7673611111111112 0.22187500000000002 0.3652777777777778
5 0.53515625 0.83125 0.1015625 0.3263888888888889
0 0.882421875 0.7659722222222223 0.23359375000000002 0.37083333333333335
3 0.219140625 0.5069444444444444 0.30078125 0.06666666666666667
3 0.533203125 0.5041666666666667 0.25234375000000003 0.1388888888888889
3 0.847265625 0.5013888888888889 0.30390625000000004 0.061111111111111116
