1 0.28945312500000003 0.48888888888888893 0.02421875 0.16944444444444445
5 0.401171875 0.7368055555555556 0.14453125 0.27083333333333337
0 0.60859375 0.6180555555555556 0.07500000000000001 0.31666666666666665
0 0.7195312500000001 0.6159722222222223 0.07187500000000001 0.3125
0 0.9085937500000001 0.6145833333333334 0.07500000000000001 0.32083333333333336
0 0.404296875 0.10833333333333334 0.09453125000000001 0.21666666666666667
0 0.562890625 0.10833333333333334 0.08515625 0.21666666666666667
0 0.7542968750000001 0.10486111111111111 0.06953125 0.20972222222222223
0 0.86328125 0.10694444444444445 0.07187500000000001 0.2138888888888889
0 0.403125 0.5319444444444444 0.14375000000000002 0.11666666666666667
