3 0.10888077858880779 0.48404255319148937 0.12043795620437957 0.09219858156028368
4 0.2801094890510949 0.6418439716312057 0.04562043795620438 0.2127659574468085
4 0.49239659367396593 0.6631205673758865 0.03832116788321168 0.17375886524822695
3 0.648418491484185 0.49379432624113473 0.12652068126520682 0.0726950354609929
3 0.7947080291970803 0.49556737588652483 0.10766423357664234 0.06914893617021277
0 0.07481751824817519 0.2526595744680851 0.046228710462287104 0.225177304964539
0 0.156021897810219 0.25177304964539005 0.04683698296836983 0.22340425531914893
0 0.23357664233576642 0.25 0.04257907542579076 0.20921985815602837
0 0.3123479318734793 0.26063829787234044 0.04197080291970803 0.20921985815602837
0 0.38534063260340634 0.25886524822695034 0.03710462287104623 0.2127659574468085
0 0.45924574209245744 0.26861702127659576 0.03527980535279805 0.2074468085106383
0 0.5328467153284672 0.2579787234042553 0.032846715328467155 0.200354609929078
0 0.6037104622871047 0.2650709219858156 0.03223844282238443 0.200354609929078
0 0.677007299270073 0.2677304964539007 0.030413625304136254 0.2127659574468085
0 0.75 0.2703900709219858 0.027980535279805353 0.21099290780141844
0 0.8242092457420925 0.2774822695035461 0.027980535279805353 0.21453900709219859
0 0.8956812652068127 0.2703900709219858 0.022506082725060828 0.2074468085106383
0 0.26946472019464723 0.6400709219858156 0.11313868613138686 0.23049645390070922
0 0.1079683698296837 0.6976950354609929 0.09549878345498784 0.299645390070922
0 0.4960462287104623 0.6418439716312057 0.10523114355231143 0.21985815602836878
0 0.6435523114355232 0.6897163120567376 0.09489051094890512 0.3120567375886525
0 0.7925790754257908 0.6338652482269503 0.09610705596107057 0.20390070921985815
