3 0.3295702840495266 0.5153649167733675 0.14202476329206118 0.09603072983354673
3 0.5243991260014567 0.5185659411011524 0.16460305899490169 0.05633802816901408
3 0.7199563000728333 0.5230473751600512 0.12891478514202476 0.08322663252240717
3 0.9031318281136198 0.5211267605633803 0.16460305899490169 0.046094750320102434
1 0.06664238892935179 0.528169014084507 0.050254916241806266 0.11907810499359794
0 0.14348142753095414 0.3194622279129321 0.08448652585579025 0.2880921895006402
0 0.3237436270939549 0.3169014084507042 0.08958485069191552 0.28297055057618437
0 0.5112891478514203 0.31370038412291934 0.08739985433357611 0.28425096030729835
0 0.6970138383102695 0.31498079385403327 0.09031318281136198 0.2714468629961588
0 0.8849235251274582 0.3085787451984635 0.08302986161689731 0.29193341869398204
5 0.14603058994901677 0.764404609475032 0.101238164603059 0.3047375160051216
0 0.32155863073561547 0.7413572343149808 0.1056081573197378 0.2560819462227913
0 0.506190823015295 0.7471190781049936 0.10196649672250546 0.26504481434058896
0 0.6809905316824473 0.7368758002560819 0.04078659868900219 0.24199743918053776
0 0.8980335032774945 0.7496798975672215 0.10487982520029134 0.23943661971830985
