3 0.2923864363403711 0.4548472775564409 0.3838771593090211 0.11022576361221778
3 0.7767114523352527 0.4535192563081009 0.25847728726807423 0.09163346613545816
1 0.5764555342290467 0.4282868525896414 0.04862444017914267 0.16600265604249667
4 0.2834293026231606 0.6533864541832669 0.05758157389635316 0.22045152722443556
4 0.7258477287268074 0.6560424966799469 0.06333973128598848 0.2337317397078353
4 0.8845169545745362 0.6620185922974767 0.06206014075495841 0.24568393094289506
0 0.13499680102367242 0.22111553784860558 0.052463211772232884 0.23240371845949534
0 0.2840690978886756 0.22642762284196546 0.052463211772232884 0.2191235059760956
0 0.427703134996801 0.22177954847277556 0.05566218809980806 0.21248339973439573
0 0.5710172744721689 0.21181938911022574 0.05950095969289827 0.23240371845949534
0 0.7248880358285349 0.21314741035856571 0.058861164427383234 0.22177954847277556
0 0.8851567498400511 0.20982735723771578 0.05950095969289827 0.22841965471447542
0 0.573576455534229 0.6686586985391766 0.05950095969289827 0.248339973439575
0 0.4334612923864363 0.6640106241699867 0.05950095969289827 0.23638778220451526
0 0.2834293026231606 0.6567065073041168 0.060140754958413305 0.2191235059760956
0 0.7264875239923224 0.6600265604249668 0.06461932181701856 0.24701195219123503
0 0.8864363403710812 0.6626826029216467 0.06333973128598848 0.24966799468791498
5 0.10332693538067818 0.7005312084993359 0.13883557261676263 0.33598937583001326
