4 0.28175370728562216 0.43403908794788276 0.02578981302385558 0.10260586319218241
4 0.3513862024500322 0.43159609120521175 0.024500322372662798 0.10423452768729642
4 0.41618310767246935 0.42996742671009774 0.02256608639587363 0.11400651465798047
4 0.4819471308833011 0.42915309446254074 0.026434558349451968 0.10586319218241043
4 0.5512572533849129 0.42996742671009774 0.029658284977433915 0.10749185667752444
4 0.6166989039329465 0.4258957654723127 0.026434558349451968 0.10260586319218241
4 0.6840747904577692 0.42752442996742673 0.032237266279819474 0.10260586319218241
4 0.753384912959381 0.43241042345276876 0.03288201160541586 0.10586319218241043
1 0.05673758865248227 0.5602605863192183 0.037395228884590584 0.07817589576547232
1 0.6531270148291425 0.6400651465798046 0.032237266279819474 0.1498371335504886
3 0.8881366860090264 0.5260586319218241 0.16956802063185042 0.055374592833876225
3 0.16924564796905223 0.5358306188925082 0.11927788523533205 0.06840390879478828
0 0.14764667956157318 0.40635179153094464 0.03352675693101225 0.16123778501628666
0 0.21470019342359767 0.41123778501628666 0.036105738233397806 0.15798045602605865
0 0.22211476466795615 0.1482084690553746 0.029013539651837523 0.1205211726384365
0 0.2856221792392005 0.1482084690553746 0.036105738233397806 0.11400651465798047
0 0.41876208897485495 0.1457654723127036 0.029013539651837523 0.14169381107491857
0 0.48549323017408125 0.1490228013029316 0.029658284977433915 0.13517915309446255
0 0.5502901353965184 0.1457654723127036 0.03417150225660864 0.13517915309446255
0 0.6163765312701482 0.1457654723127036 0.03352675693101225 0.12866449511400652
0 0.683752417794971 0.14006514657980457 0.0367504835589942 0.13355048859934854
0 0.7511283043197937 0.13925081433224756 0.036105738233397806 0.13192182410423453
0 0.8136686009026435 0.13762214983713356 0.03481624758220503 0.1449511400651466
0 0.8246292714377821 0.40716612377850164 0.041263700838168924 0.15309446254071662
0 0.8952288845905867 0.40553745928338764 0.0367504835589942 0.1726384364820847
0 0.28175370728562216 0.40960912052117265 0.03352675693101225 0.15472312703583063
0 0.3497743391360413 0.40798045602605865 0.03546099290780142 0.15798045602605865
0 0.41553836234687297 0.41042345276872966 0.03546099290780142 0.1465798045602606
0 0.4819471308833011 0.4144951140065147 0.03159252095422308 0.15146579804560262
0 0.5502901353965184 0.40390879478827363 0.03417150225660864 0.1465798045602606
0 0.6199226305609284 0.40472312703583063 0.03159252095422308 0.15472312703583063
0 0.6850419084461637 0.40960912052117265 0.0367504835589942 0.1482084690553746
0 0.7540296582849775 0.40798045602605865 0.039329464861379754 0.16123778501628666
