3 0.2603058510638298 0.20607235142118863 0.22672872340425532 0.06589147286821706
3 0.7004654255319149 0.6782945736434108 0.09640957446808511 0.03617571059431525
1 0.7064494680851063 0.41149870801033595 0.04720744680851064 0.30361757105943155
1 0.961436170212766 0.6795865633074936 0.0678191489361702 0.1421188630490956
0 0.13829787234042554 0.43863049095607237 0.05585106382978723 0.20801033591731266
0 0.2576462765957447 0.42506459948320413 0.05784574468085106 0.20930232558139536
0 0.38331117021276595 0.43863049095607237 0.06183510638297872 0.2157622739018088
0 0.522938829787234 0.46511627906976744 0.049867021276595744 0.19896640826873385
0 0.6366356382978723 0.46963824289405687 0.06449468085106383 0.20284237726098192
0 0.7819148936170213 0.4321705426356589 0.05186170212765957 0.19509043927648578
0 0.8573803191489362 0.436046511627907 0.0511968085106383 0.17958656330749354
0 0.8334441489361701 0.08010335917312662 0.049867021276595744 0.13953488372093023
0 0.7676196808510638 0.07881136950904392 0.05252659574468085 0.13953488372093023
0 0.6279920212765957 0.14082687338501293 0.05252659574468085 0.16020671834625325
0 0.5179521276595744 0.14082687338501293 0.043882978723404256 0.1421188630490956
0 0.3882978723404255 0.08979328165374677 0.04920212765957447 0.1640826873385013
0 0.2676196808510638 0.08914728682170543 0.04454787234042553 0.1524547803617571
0 0.15159574468085105 0.08785529715762275 0.045212765957446804 0.17054263565891473
0 0.03523936170212766 0.1388888888888889 0.043882978723404256 0.1537467700258398
0 0.020611702127659573 0.4612403100775194 0.03590425531914893 0.2144702842377261
0 0.11003989361702127 0.8559431524547804 0.06183510638297872 0.18217054263565893
0 0.24700797872340424 0.8624031007751939 0.05651595744680851 0.16666666666666669
0 0.3803191489361702 0.8643410852713178 0.05319148936170213 0.16795865633074936
0 0.5309175531914894 0.8591731266149871 0.04720744680851064 0.15503875968992248
5 0.6522606382978723 0.8365633074935401 0.06382978723404255 0.25452196382428943
1 0.773936170212766 0.6944444444444444 0.057180851063829786 0.1330749354005168
2 0.8490691489361701 0.8145994832041344 0.16888297872340424 0.3449612403100775
