3 0.216796875 0.5229166666666667 0.14765625000000002 0.04027777777777778
3 0.4421875 0.5243055555555556 0.05625 0.043055555555555555
3 0.55859375 0.5270833333333333 0.0546875 0.034722222222222224
3 0.77265625 0.53125 0.15156250000000002 0.03194444444444445
0 0.125390625 0.20486111111111113 0.07734375 0.25416666666666665
0 0.11640625 0.6923611111111111 0.06406250000000001 0.22361111111111112
0 0.3125 0.6861111111111111 0.0625 0.21666666666666667
0 0.6828125 0.6916666666666667 0.06875 0.2138888888888889
0 0.8699218750000001 0.6979166666666667 0.06953125 0.21805555555555556
5 0.501953125 0.8340277777777778 0.06328125 0.24861111111111112
0 0.31562500000000004 0.21180555555555555 0.07187500000000001 0.2513888888888889
0 0.49648437500000003 0.22013888888888888 0.06953125 0.24305555555555555
0 0.673046875 0.22569444444444445 0.07109375 0.24305555555555555
0 0.855078125 0.23125 0.07265625 0.24583333333333335
