0 0.11961451247165533 0.18875192604006163 0.1145124716553288 0.2942989214175655
0 0.35600907029478457 0.20570107858243453 0.108843537414966 0.27889060092449924
0 0.6122448979591837 0.21956856702619415 0.09523809523809525 0.27272727272727276
0 0.8537414965986395 0.2272727272727273 0.08843537414965986 0.2665639445300462
0 0.8820861678004536 0.7311248073959938 0.108843537414966 0.288135593220339
0 0.6213151927437642 0.736517719568567 0.108843537414966 0.29892141756548535
0 0.35714285714285715 0.7311248073959938 0.11564625850340136 0.2942989214175655
0 0.09807256235827665 0.7349768875192604 0.10317460317460318 0.3020030816640986
3 0.22448979591836735 0.48228043143297383 0.41269841269841273 0.046224961479198766
3 0.746031746031746 0.5015408320493067 0.3786848072562358 0.06933744221879816
