3 0.521484375 0.7083333333333334 0.15703125 0.036111111111111115
3 0.7992187500000001 0.7069444444444445 0.109375 0.036111111111111115
3 0.178515625 0.5743055555555556 0.11953125 0.03194444444444445
0 0.13203125000000002 0.4791666666666667 0.043750000000000004 0.15
0 0.23359375000000002 0.4791666666666667 0.045312500000000006 0.15
0 0.33320312500000004 0.4791666666666667 0.039843750000000004 0.15
0 0.328125 0.7270833333333334 0.045312500000000006 0.12638888888888888
0 0.22773437500000002 0.7256944444444444 0.041406250000000006 0.12916666666666668
0 0.12421875 0.7284722222222223 0.0421875 0.12638888888888888
0 0.026562500000000003 0.7277777777777779 0.0328125 0.125
0 0.037109375 0.47847222222222224 0.04609375 0.15416666666666667
0 0.44843750000000004 0.6208333333333333 0.035937500000000004 0.11111111111111112
0 0.6042968750000001 0.795138888888889 0.039843750000000004 0.08194444444444444
0 0.523046875 0.7930555555555556 0.041406250000000006 0.08333333333333334
0 0.44648437500000004 0.8076388888888889 0.039843750000000004 0.10972222222222222
0 0.762890625 0.8006944444444445 0.04296875 0.10138888888888889
0 0.444921875 0.2138888888888889 0.02890625 0.06666666666666667
0 0.5203125000000001 0.18472222222222223 0.028125 0.09444444444444444
0 0.44609375 0.4048611111111111 0.0328125 0.11527777777777778
0 0.52109375 0.40347222222222223 0.035937500000000004 0.12361111111111112
0 0.5234375 0.6152777777777778 0.03125 0.11944444444444445
0 0.5964843750000001 0.6118055555555556 0.03828125 0.1125
0 0.67578125 0.6111111111111112 0.035937500000000004 0.11944444444444445
0 0.755859375 0.6125 0.041406250000000006 0.125
0 0.8308593750000001 0.6118055555555556 0.041406250000000006 0.12638888888888888
0 0.9109375000000001 0.6104166666666667 0.0390625 0.12916666666666668
0 0.8230468750000001 0.38958333333333334 0.03828125 0.12916666666666668
0 0.669140625 0.4041666666666667 0.03828125 0.11388888888888889
0 0.5945312500000001 0.40625 0.03125 0.11527777777777778
0 0.594140625 0.19791666666666669 0.02890625 0.08472222222222223
0 0.6648437500000001 0.19861111111111113 0.029687500000000002 0.09166666666666667
0 0.73828125 0.19722222222222224 0.03125 0.09166666666666667
0 0.812109375 0.19236111111111112 0.02734375 0.09305555555555556
0 0.8855468750000001 0.18888888888888888 0.03515625 0.08333333333333334
0 0.896484375 0.39305555555555555 0.03515625 0.10555555555555556
5 0.7449218750000001 0.41111111111111115 0.039843750000000004 0.1388888888888889
