3 0.6241749174917491 0.5435779816513762 0.14603960396039603 0.06269113149847094
3 0.7570132013201321 0.5764525993883792 0.09488448844884488 0.10091743119266056
1 0.9422442244224423 0.5581039755351682 0.04455445544554455 0.09174311926605505
3 0.6745049504950495 0.2996941896024465 0.07508250825082509 0.06422018348623854
3 0.3976897689768977 0.30351681957186544 0.10396039603960396 0.05045871559633028
3 0.24257425742574257 0.2996941896024465 0.1254125412541254 0.05504587155963303
3 0.09282178217821782 0.2966360856269113 0.07838283828382839 0.06422018348623854
3 0.2334983498349835 0.5420489296636085 0.16171617161716173 0.06574923547400612
3 0.4377062706270627 0.5382262996941896 0.11633663366336634 0.03058103975535168
0 0.09447194719471948 0.4151376146788991 0.04372937293729373 0.14831804281345565
0 0.19966996699669967 0.41284403669724773 0.0429042904290429 0.1559633027522936
0 0.29372937293729373 0.4074923547400612 0.04785478547854786 0.1452599388379205
0 0.3919141914191419 0.4105504587155963 0.041254125412541254 0.15137614678899083
0 0.48556105610561057 0.4166666666666667 0.04372937293729373 0.15137614678899083
0 0.5792079207920792 0.4151376146788991 0.04620462046204621 0.14220183486238533
0 0.6753300330033003 0.4120795107033639 0.03712871287128713 0.1452599388379205
0 0.7524752475247525 0.42048929663608564 0.037953795379537955 0.14067278287461774
0 0.8287953795379538 0.42201834862385323 0.022277227722772276 0.1345565749235474
0 0.8762376237623762 0.4212538226299694 0.018151815181518153 0.12996941896024464
0 0.9513201320132013 0.4212538226299694 0.034653465346534656 0.1452599388379205
0 0.8638613861386139 0.694954128440367 0.08415841584158416 0.22782874617737003
0 0.2330858085808581 0.7140672782874617 0.14933993399339934 0.12232415902140673
0 0.43853135313531355 0.7079510703363915 0.13613861386138615 0.14678899082568808
0 0.6324257425742574 0.7056574923547401 0.13943894389438943 0.12079510703363915
0 0.09942244224422442 0.1452599388379205 0.04042904290429043 0.13761467889908258
0 0.20008250825082508 0.1444954128440367 0.04537953795379538 0.13914373088685014
0 0.29455445544554454 0.1452599388379205 0.04455445544554455 0.1345565749235474
0 0.39397689768976896 0.14908256880733944 0.03712871287128713 0.13302752293577982
0 0.6732673267326733 0.15978593272171254 0.037953795379537955 0.12385321100917432
0 0.7533003300330033 0.17048929663608564 0.036303630363036306 0.12079510703363915
0 0.8543729372937294 0.1536697247706422 0.07013201320132013 0.0963302752293578
0 0.9426567656765676 0.1559633027522936 0.028877887788778877 0.09785932721712538
