0 0.09191919191919193 0.40744101633393826 0.03164983164983165 0.15063520871143374
0 0.16363636363636364 0.4010889292196007 0.030976430976430977 0.15245009074410162
0 0.21481481481481482 0.39019963702359345 0.030976430976430977 0.16333938294010888
0 0.2767676767676768 0.3892921960072595 0.030976430976430977 0.161524500907441
0 0.3461279461279462 0.3811252268602541 0.035016835016835016 0.16333938294010888
0 0.4218855218855219 0.3702359346642468 0.030303030303030304 0.15245009074410162
0 0.49898989898989904 0.36479128856624315 0.03232323232323232 0.16333938294010888
0 0.5808080808080809 0.35208711433756806 0.03434343434343434 0.1705989110707804
0 0.6488215488215489 0.35480943738656984 0.03164983164983165 0.15789473684210525
0 0.7282828282828283 0.3502722323049002 0.032996632996632996 0.15970961887477314
0 0.7962962962962964 0.3430127041742287 0.03838383838383839 0.17422867513611615
0 0.8855218855218856 0.33212341197822143 0.03905723905723906 0.17422867513611615
3 0.8498316498316498 0.48548094373865697 0.11447811447811448 0.06352087114337568
3 0.1164983164983165 0.5335753176043557 0.1090909090909091 0.08711433756805807
0 0.08013468013468014 0.6923774954627949 0.03367003367003367 0.18330308529945552
0 0.14747474747474748 0.6914700544464609 0.03636363636363637 0.18874773139745915
0 0.20370370370370372 0.6851179673321234 0.03434343434343434 0.17604355716878403
0 0.27037037037037037 0.6851179673321234 0.03164983164983165 0.17241379310344826
0 0.34074074074074073 0.6787658802177858 0.035016835016835016 0.18874773139745915
0 0.42154882154882156 0.6796733212341197 0.03367003367003367 0.19419237749546278
0 0.49898989898989904 0.6814882032667876 0.037710437710437715 0.21234119782214156
0 0.5861952861952863 0.6724137931034483 0.028956228956228958 0.2159709618874773
0 0.6538720538720539 0.6751361161524501 0.03636363636363637 0.20326678765880218
0 0.734006734006734 0.6669691470054446 0.04040404040404041 0.2014519056261343
0 0.8043771043771044 0.662431941923775 0.04242424242424243 0.21052631578947367
0 0.9006734006734007 0.6597096188747731 0.04377104377104377 0.2304900181488203
