1 0.3263157894736842 0.5697445972495088 0.05263157894736842 0.12966601178781925
3 0.0863157894736842 0.5776031434184675 0.14526315789473684 0.10609037328094302
3 0.8921052631578947 0.600196463654224 0.19894736842105262 0.09626719056974459
3 0.5384210526315789 0.5864440078585461 0.36105263157894735 0.11198428290766207
0 0.08263157894736842 0.2799607072691552 0.08947368421052632 0.2966601178781925
0 0.2636842105263158 0.2897838899803536 0.09157894736842105 0.3084479371316306
0 0.4568421052631579 0.2907662082514735 0.08421052631578947 0.30648330058939094
0 0.6142105263157894 0.3094302554027505 0.05157894736842105 0.3005893909626719
0 0.8326315789473684 0.3104125736738703 0.07789473684210527 0.2632612966601179
5 0.8373684210526315 0.786836935166994 0.07263157894736842 0.26129666011787817
5 0.08421052631578947 0.7966601178781925 0.11368421052631579 0.3005893909626719
0 0.25789473684210523 0.7721021611001964 0.1031578947368421 0.2632612966601179
0 0.46473684210526317 0.775049115913556 0.08947368421052632 0.24165029469548133
