1 0.0687053216838761 0.5441458733205374 0.05321683876092136 0.15547024952015354
1 0.2084988085782367 0.5431861804222649 0.043685464654487687 0.16506717850287908
1 0.8101667990468625 0.517274472168906 0.038125496425734706 0.16698656429942418
3 0.44122319301032564 0.6113243761996161 0.1119936457505957 0.10556621880998081
3 0.8995234312946783 0.4712092130518234 0.15488482922954724 0.05950095969289827
0 0.07267672756155678 0.22456813819577734 0.03256552819698173 0.19961612284069097
0 0.181890389197776 0.21113243761996162 0.038125496425734706 0.1727447216890595
0 0.2859412231930103 0.2255278310940499 0.03335980937251787 0.19769673704414586
0 0.37529785544082606 0.22264875239923224 0.03574265289912629 0.21113243761996162
0 0.46108022239872914 0.2255278310940499 0.03891977760127085 0.182341650671785
0 0.5480540111199365 0.22264875239923224 0.03971405877680699 0.19961612284069097
0 0.6417791898332009 0.22456813819577734 0.03653693407466243 0.19961612284069097
0 0.7299444003177125 0.23224568138195775 0.03971405877680699 0.21497120921305182
0 0.8391580619539316 0.23896353166986564 0.04209690230341541 0.20537428023032628
0 0.9312946783161239 0.2399232245681382 0.0500397140587768 0.21880998080614203
0 0.9058776806989673 0.6564299424184261 0.13423351866560762 0.29558541266794625
0 0.7303415409054805 0.5806142034548945 0.04209690230341541 0.2092130518234165
0 0.6417791898332009 0.5441458733205374 0.04447974583002383 0.12859884836852206
0 0.545671167593328 0.54510556621881 0.04130262112787927 0.13051823416506717
0 0.3625893566322478 0.5374280230326295 0.0500397140587768 0.12284069097888675
0 0.27243844320889593 0.5249520153550864 0.03494837172359015 0.08637236084452975
5 0.0329626687847498 0.7629558541266794 0.051628276409849086 0.2399232245681382
2 0.14813343923749006 0.6785028790786948 0.10405083399523431 0.43953934740882916
