3 0.265 0.29 0.10500000000000001 0.14666666666666667
1 0.7541666666666668 0.20055555555555554 0.10500000000000001 0.16111111111111112
3 0.5116666666666667 0.265 0.37333333333333335 0.20777777777777778
3 0.10541666666666667 0.34833333333333333 0.14916666666666667 0.14777777777777779
0 0.7141666666666667 0.5405555555555556 0.18666666666666668 0.4033333333333333
0 0.47000000000000003 0.42833333333333334 0.12666666666666668 0.08555555555555555
5 0.47208333333333335 0.6611111111111111 0.1275 0.3711111111111111
5 0.14750000000000002 0.5855555555555556 0.03666666666666667 0.21555555555555556
0 0.13 0.5566666666666666 0.08 0.27555555555555555
0 0.29333333333333333 0.5594444444444444 0.08666666666666667 0.2811111111111111
