3 0.4618856569709127 0.14641203703703703 0.2316950852557673 0.08449074074074074
3 0.8440320962888666 0.15219907407407407 0.16950852557673018 0.04513888888888889
3 0.8856569709127382 0.5758101851851851 0.1905717151454363 0.10300925925925926
1 0.03811434302908726 0.44733796296296297 0.062186559679037114 0.12384259259259259
1 0.9292878635907723 0.3188657407407407 0.13941825476429287 0.25578703703703703
0 0.19408224674022065 0.38599537037037035 0.119358074222668 0.2881944444444444
0 0.4704112337011033 0.38599537037037035 0.11434302908726178 0.26967592592592593
0 0.7547642928786359 0.3784722222222222 0.11534603811434303 0.27314814814814814
0 0.47592778335005015 0.7934027777777777 0.11534603811434303 0.16782407407407407
0 0.7592778335005015 0.7910879629629629 0.11634904714142427 0.1724537037037037
