1 0.7328216374269005 0.5268414481897628 0.04751461988304093 0.132334581772784
1 0.9375 0.5168539325842697 0.06067251461988304 0.132334581772784
3 0.4576023391812865 0.5218476903870163 0.13742690058479531 0.08489388264669163
3 0.2598684210526316 0.5318352059925093 0.15862573099415203 0.04744069912609238
3 0.07017543859649122 0.5262172284644194 0.12719298245614036 0.08614232209737828
0 0.06834795321637427 0.315230961298377 0.08698830409356725 0.2883895131086142
0 0.256578947368421 0.3114856429463171 0.07894736842105263 0.2858926342072409
0 0.44188596491228066 0.3083645443196005 0.09283625730994152 0.29213483146067415
0 0.6355994152046783 0.3121098626716604 0.09283625730994152 0.29463171036204744
0 0.8245614035087718 0.301498127340824 0.09502923976608187 0.2808988764044944
0 0.6410818713450293 0.7590511860174781 0.11257309941520467 0.25218476903870163
0 0.44261695906432746 0.7621722846441947 0.10014619883040934 0.2484394506866417
0 0.2529239766081871 0.7578027465667915 0.1023391812865497 0.2621722846441948
5 0.8304093567251462 0.7690387016229713 0.10526315789473684 0.299625468164794
