0 0.3060941828254848 0.3914670658682635 0.10526315789473684 0.14820359281437126
0 0.6239612188365651 0.7290419161676647 0.08725761772853186 0.17964071856287425
0 0.8975069252077562 0.7282934131736527 0.11080332409972299 0.17814371257485032
0 0.896814404432133 0.3982035928143713 0.09556786703601108 0.14970059880239522
0 0.6433518005540166 0.3974550898203593 0.07894736842105263 0.15119760479041916
0 0.899584487534626 0.11377245508982037 0.09556786703601108 0.14970059880239522
0 0.6502770083102493 0.11227544910179642 0.07617728531855955 0.16766467065868265
0 0.3220221606648199 0.09206586826347306 0.1038781163434903 0.14221556886227546
5 0.25415512465373963 0.7761976047904192 0.14542936288088643 0.27994011976047906
3 0.26869806094182824 0.5591317365269461 0.1745152354570637 0.040419161676646706
3 0.6717451523545707 0.562125748502994 0.14958448753462603 0.037425149700598806
3 0.8545706371191136 0.565868263473054 0.12742382271468145 0.038922155688622756
