3 0.18614718614718614 0.6682758620689655 0.2878787878787879 0.20275862068965517
1 0.9053030303030303 0.43448275862068964 0.10714285714285714 0.3172413793103448
0 0.060064935064935064 0.1393103448275862 0.05735930735930736 0.16551724137931034
0 0.19967532467532467 0.13379310344827586 0.06601731601731602 0.1793103448275862
0 0.34415584415584416 0.13517241379310344 0.0670995670995671 0.17379310344827584
0 0.4880952380952381 0.13448275862068965 0.0670995670995671 0.17241379310344826
0 0.6347402597402597 0.13241379310344825 0.06601731601731602 0.18206896551724136
0 0.7743506493506493 0.13586206896551722 0.06168831168831169 0.1779310344827586
0 0.04924242424242424 0.5448275862068965 0.06818181818181818 0.19034482758620688
0 0.19534632034632035 0.5503448275862068 0.07467532467532467 0.1875862068965517
0 0.336038961038961 0.5524137931034482 0.08333333333333333 0.1889655172413793
0 0.49242424242424243 0.553103448275862 0.08008658008658008 0.18206896551724136
0 0.6406926406926406 0.5558620689655172 0.09090909090909091 0.19034482758620688
0 0.7895021645021645 0.5510344827586207 0.08982683982683982 0.18620689655172412
