0 0.11939102564102563 0.12 0.08173076923076923 0.19636363636363635
0 0.27323717948717946 0.11545454545454545 0.08173076923076923 0.18727272727272729
0 0.45592948717948717 0.11181818181818182 0.07532051282051282 0.18363636363636363
0 0.5833333333333333 0.10818181818181818 0.08012820512820512 0.18727272727272729
0 0.7524038461538461 0.10727272727272727 0.08493589743589744 0.19636363636363635
0 0.8886217948717948 0.10545454545454545 0.09775641025641026 0.2
0 0.11217948717948717 0.44 0.08974358974358974 0.20727272727272728
0 0.26842948717948717 0.4445454545454545 0.08173076923076923 0.2018181818181818
0 0.4703525641025641 0.4381818181818182 0.0625 0.19636363636363635
0 0.5897435897435898 0.44181818181818183 0.07051282051282051 0.2109090909090909
0 0.780448717948718 0.4409090909090909 0.07051282051282051 0.19818181818181818
0 0.9078525641025641 0.4445454545454545 0.07211538461538461 0.21636363636363637
2 0.18509615384615383 0.8354545454545454 0.296474358974359 0.3109090909090909
5 0.4863782051282051 0.86 0.07852564102564102 0.24
0 0.5745192307692307 0.7836363636363637 0.09775641025641026 0.20727272727272728
0 0.8165064102564102 0.7936363636363636 0.10737179487179487 0.21636363636363637
5 0.9214743589743589 0.86 0.08974358974358974 0.22181818181818183
3 0.19471153846153846 0.2609090909090909 0.23878205128205127 0.038181818181818185
3 0.5288461538461539 0.2590909090909091 0.1923076923076923 0.038181818181818185
3 0.8365384615384616 0.2545454545454545 0.1346153846153846 0.03636363636363636
3 0.9182692307692307 0.7118181818181818 0.08333333333333333 0.06
