0 0.186328125 0.22083333333333335 0.07734375 0.2638888888888889
0 0.3453125 0.21736111111111112 0.0734375 0.2652777777777778
0 0.503125 0.21666666666666667 0.07500000000000001 0.2638888888888889
0 0.6585937500000001 0.20902777777777778 0.0734375 0.2569444444444445
0 0.8187500000000001 0.20416666666666666 0.07187500000000001 0.27222222222222225
0 0.970703125 0.20416666666666666 0.057031250000000006 0.2555555555555556
0 0.27265625 0.7402777777777778 0.18281250000000002 0.32222222222222224
0 0.759375 0.7208333333333333 0.19375 0.3055555555555556
3 0.6531250000000001 0.49583333333333335 0.3640625 0.09444444444444444
3 0.27578125000000003 0.5041666666666667 0.22187500000000002 0.044444444444444446
5 0.534765625 0.7909722222222223 0.08515625 0.32916666666666666
