0 0.17191780821917807 0.23493975903614459 0.06027397260273973 0.2633390705679862
2 0.14006849315068493 0.7624784853700517 0.1773972602739726 0.45438898450946646
1 0.2232876712328767 0.5335628227194492 0.06712328767123288 0.08605851979345956
3 0.8565068493150685 0.5490533562822719 0.21027397260273972 0.06884681583476765
0 0.35547945205479453 0.25645438898450945 0.0589041095890411 0.28227194492254737
0 0.47191780821917806 0.25645438898450945 0.05342465753424658 0.26506024096385544
0 0.5842465753424657 0.2685025817555938 0.057534246575342465 0.2685025817555938
0 0.688013698630137 0.27710843373493976 0.04863013698630137 0.26161790017211706
0 0.7917808219178082 0.27710843373493976 0.04657534246575343 0.26506024096385544
0 0.8952054794520548 0.28399311531841653 0.04246575342465753 0.25817555938037867
0 0.3462328767123288 0.7409638554216867 0.06506849315068493 0.24268502581755594
0 0.46164383561643835 0.7452667814113597 0.056164383561643834 0.24096385542168675
0 0.5791095890410959 0.7444061962134252 0.05410958904109589 0.2358003442340792
0 0.6921232876712329 0.7452667814113597 0.05136986301369863 0.23063683304647162
0 0.7965753424657535 0.7177280550774527 0.05342465753424658 0.1962134251290878
0 0.9030821917808219 0.7160068846815835 0.04726027397260274 0.17900172117039587
