3 0.071484375 0.4574780058651026 0.11953125 0.06744868035190615
3 0.255078125 0.46994134897360706 0.16328125000000002 0.054252199413489736
3 0.7191406250000001 0.45234604105571846 0.26953125 0.10117302052785923
0 0.087109375 0.2763929618768328 0.06328125 0.18621700879765396
0 0.296484375 0.2837243401759531 0.055468750000000004 0.19208211143695014
0 0.501953125 0.28079178885630496 0.057031250000000006 0.19501466275659823
0 0.7113281250000001 0.2844574780058651 0.05234375 0.187683284457478
0 0.92578125 0.2866568914956012 0.0578125 0.19501466275659823
0 0.064453125 0.7104105571847508 0.08046875 0.28005865102639294
0 0.283203125 0.7140762463343109 0.06796875000000001 0.2844574780058651
0 0.49921875000000004 0.7104105571847508 0.059375000000000004 0.2859237536656892
0 0.716796875 0.7118768328445748 0.055468750000000004 0.2859237536656892
0 0.933203125 0.7096774193548387 0.06328125 0.2844574780058651
