0 0.19492187500000002 0.2326388888888889 0.08046875 0.28194444444444444
0 0.36250000000000004 0.23402777777777778 0.078125 0.2791666666666667
0 0.511328125 0.2326388888888889 0.08046875 0.28750000000000003
0 0.66328125 0.23402777777777778 0.08125 0.2847222222222222
0 0.81640625 0.23680555555555557 0.08125 0.2902777777777778
0 0.031640625 0.23194444444444445 0.06328125 0.2777777777777778
0 0.270703125 0.7340277777777778 0.23203125000000002 0.3680555555555556
3 0.274609375 0.4951388888888889 0.23671875 0.05416666666666667
3 0.5125000000000001 0.49444444444444446 0.1015625 0.0638888888888889
3 0.7429687500000001 0.5006944444444444 0.1796875 0.059722222222222225
0 0.7464843750000001 0.7104166666666667 0.22265625 0.29305555555555557
5 0.51328125 0.8111111111111111 0.0765625 0.36388888888888893
