3 0.8180051813471503 0.42241379310344823 0.1567357512953368 0.06704980842911877
1 0.6664507772020726 0.1867816091954023 0.07383419689119171 0.2777777777777778
1 0.5628238341968912 0.5708812260536398 0.06347150259067358 0.11877394636015325
0 0.08937823834196891 0.2835249042145594 0.08031088082901555 0.23371647509578544
0 0.2862694300518135 0.2825670498084291 0.08549222797927461 0.2586206896551724
0 0.4786269430051814 0.2844827586206896 0.08419689119170985 0.2777777777777778
0 0.7532383419689119 0.2136015325670498 0.06347150259067358 0.23563218390804597
0 0.9339378238341969 0.21264367816091953 0.05958549222797928 0.2222222222222222
0 0.3898963730569948 0.6915708812260536 0.23316062176165803 0.2375478927203065
5 0.086139896373057 0.7231800766283525 0.09455958549222798 0.2509578544061303
5 0.8581606217616581 0.7442528735632183 0.07642487046632125 0.27011494252873564
