3 0.45859375 0.4152777777777778 0.24531250000000002 0.07222222222222223
3 0.17148437500000002 0.4048611111111111 0.057031250000000006 0.051388888888888894
3 0.633984375 0.8055555555555556 0.25859375 0.08888888888888889
0 0.18828125 0.13055555555555556 0.125 0.24722222222222223
0 0.455859375 0.14097222222222222 0.13046875 0.2513888888888889
0 0.721875 0.14444444444444446 0.1296875 0.24166666666666667
0 0.951171875 0.15555555555555556 0.09296875 0.24166666666666667
0 0.16914062500000002 0.6 0.13984375000000002 0.24722222222222223
0 0.46015625000000004 0.6027777777777777 0.13593750000000002 0.24166666666666667
0 0.7425781250000001 0.5944444444444444 0.14609375 0.25833333333333336
